320 9939
269 6456
530 3631
518 3549
2308 2784
537 2292
533 2265
539 2061
786 1786
525 1569
593 1295
899 1290
531 1202
631 787
536 697
1611 643
2578 561
1579 541
1449 498
3934 482
633 464
1519 461
705 453
3649 452
787 449
1253 438
550 387
1615 385
1237 381
1047 378
2184 371
585 354
3237 345
2523 344
3309 333
736 327
781 322
620 303
85 299
8192 293
1746 290
911 288
836 286
1630 282
1417 281
2731 280
1136 279
1888 279
1559 277
556 255
267 250
3377 250
2665 245
7286 235
568 235
2012 226
3941 226
638 221
4919 209
39089 209
10711 206
1952 203
1507 201
3638 200
1455 198
1093 194
1007 190
1530 189
4481 188
1043 183
3360 179
601 174
2909 170
5050 170
1771 169
2175 164
1131 164
1594 160
12726 153
1095 151
1977 151
1573 149
2225 147
4489 146
1901 145
4371 144
2722 144
1656 137
7128 135
2117 134
268 132
791 131
2149 131
1876 126
2374 124
2738 124
1629 124
1590 121
8306 121
3567 121
2782 120
1315 120
1265 119
6164 118
1917 116
6446 112
2183 111
1760 109
11869 108
2463 107
2307 105
1305 105
8506 99
1574 99
2862 99
4161 99
13188 98
339 98
682 97
3801 97
1794 97
1212 96
930 96
3606 96
1606 95
2339 95
889 94
2912 94
3926 94
720 92
962 92
1759 92
1180 88
1951 88
3938 85
1010 85
2252 85
12123 85
4266 85
1710 84
4125 84
2595 84
1274 83
1665 83
3050 81
5363 81
1841 81
575 81
1312 80
3259 80
1145 79
2533 79
5661 78
1500 77
6116 77
12906 76
1911 75
7220 75
1929 74
2569 74
2403 73
12724 73
4485 72
2445 72
7048 72
2453 71
2088 71
1949 71
11441 70
2127 70
1215 70
2635 70
797 70
1348 69
2831 69
3384 68
549 68
893 67
4697 67
1078 66
5690 66
3750 65
953 65
3290 64
2913 63
2571 63
1960 62
829 61
5853 61
11308 61
7898 61
5994 61
6283 60
997 60
4440 60
6732 60
2442 59
6765 59
1625 59
3365 58
7080 58
1080 57
1538 57
4287 57
2416 57
9207 56
3814 56
1499 56
4037 56
3714 56
4850 55
5496 55
7395 55
1448 55
2994 55
11455 55
768 54
6866 54
637 54
4879 53
4922 53
2019 53
2551 52
3979 52
3500 52
1269 52
5135 52
13519 52
2097 52
8220 52
2633 51
2063 51
2528 51
1137 51
7411 51
5046 51
4531 51
3944 50
686 50
2170 50
3551 50
3231 50
3965 50
4895 49
2543 49
22192 49
5415 49
4570 49
3313 48
1120 48
12601 48
2120 48
827 48
2885 47
1798 47
3603 47
2151 47
22745 47
655 47
16487 47
4456 47
5168 46
1897 46
2153 46
7365 46
1375 45
4269 45
3144 45
6207 45
3396 45
1677 45
12319 45
3940 45
2237 44
2866 44
896 44
1452 44
10297 44
5154 44
1245 43
6172 43
13444 43
1996 42
24256 42
2677 42
1601 42
3964 41
3584 41
10464 41
1346 41
789 40
1228 40
3867 40
615 40
1762 40
2479 40
3470 39
1453 39
3646 39
12333 39
1699 38
6226 38
825 38
1972 38
733 38
13826 38
2772 38
788 38
2840 38
1769 38
5478 37
273 37
5134 37
6550 37
1395 37
861 37
779 37
4315 36
11688 36
4902 36
2724 36
7057 36
271 36
2087 36
2529 36
1172 36
25757 35
1557 35
11130 35
8866 35
1957 35
6525 35
14894 35
1125 34
22442 34
2488 34
2218 34
28459 34
3666 34
1823 34
11788 34
257 34
10206 34
1063 34
13136 34
5392 33
652 33
23525 33
8551 33
1167 33
5706 33
1954 33
1791 33
7441 33
7352 33
6058 33
7356 33
3923 32
1105 32
3346 32
28959 32
4852 32
2100 32
4801 32
2473 32
5778 31
1583 31
7301 31
6942 31
3701 31
18894 31
11019 31
923 31
2045 31
5982 31
5342 31
8687 30
1937 30
2465 30
3562 30
2292 30
7437 30
2802 30
2583 30
14119 30
2660 29
1797 29
2230 29
1570 29
4682 29
9057 29
6225 29
16451 29
3877 29
2761 29
3795 29
5370 28
1520 28
8470 28
4918 28
3224 28
20321 28
4079 28
1116 28
9397 28
19233 28
3173 28
1155 27
11639 27
13365 27
2441 27
8411 27
3816 27
13065 27
5282 27
1166 27
6279 27
4629 27
4558 27
12473 26
7266 26
2451 26
272 26
16169 26
2620 26
569 26
3274 25
16375 25
5810 25
5984 25
1205 25
6081 25
1476 25
6220 25
2196 25
2113 25
6102 25
6136 25
17965 25
21423 25
4474 25
822 25
8335 25
2758 25
2034 24
6655 24
2124 24
4859 24
4702 24
1380 24
3073 24
7806 24
2639 24
5589 24
1739 24
6368 24
10732 24
24444 24
2500 24
4044 23
5222 23
3141 23
2972 23
23953 23
4354 23
1600 23
2516 23
4350 23
4167 23
4448 23
718 22
9577 22
2322 22
7893 22
9920 22
1112 22
16506 22
2368 22
2102 22
2819 22
9118 22
5829 22
1179 22
2729 22
7227 22
7175 21
29318 21
3255 21
7210 21
806 21
3999 21
970 21
43524 21
11795 21
2068 21
2682 21
6480 21
8798 21
3694 21
5988 21
2000 21
3424 21
17772 21
6559 21
27792 21
2680 21
4741 21
8596 21
1012 21
5149 21
7117 20
1445 20
2786 20
26845 20
10204 20
5170 20
17829 20
2402 20
1070 20
14621 20
1370 20
818 20
4169 20
5603 20
26677 20
5190 20
1603 20
4987 20
1580 20
4323 19
4650 19
19548 19
9949 19
3970 19
5864 19
8782 19
16403 19
2242 19
4142 19
4023 19
24239 19
5429 19
6880 19
4730 19
2979 19
4979 19
4908 19
13678 19
2759 19
2489 19
23116 19
11775 18
1069 18
1123 18
7435 18
2006 18
2631 18
23278 18
2041 18
900 18
27822 18
14646 18
11122 18
3032 18
5066 18
2815 18
4447 18
3422 18
7077 18
8979 18
2619 18
519 18
2415 18
2054 18
16041 18
11444 18
5003 17
1674 17
1483 17
4116 17
4774 17
5803 17
24363 17
862 17
1889 17
5299 17
2171 17
7425 17
10016 17
14531 17
1119 17
9218 17
753 17
951 17
2756 17
4853 17
874 17
7480 17
4230 17
19055 17
2208 16
1002 16
11485 16
1983 16
14093 16
7771 16
1197 16
794 16
2461 16
4530 16
16399 16
5520 16
16668 16
9462 16
9518 16
6733 16
17982 16
24643 16
3155 16
18788 16
7882 16
8612 16
6916 16
2268 16
8361 16
31407 16
1488 16
4921 16
24910 16
44334 16
12449 16
26005 15
12349 15
2212 15
19733 15
7584 15
4736 15
14913 15
1209 15
4643 15
4383 15
3540 15
607 15
10469 15
3143 15
2721 15
5604 15
902 15
5035 15
8285 15
3185 15
1774 15
3820 15
5084 15
3895 15
16319 15
2411 15
6597 15
4215 15
8350 15
8594 15
8116 14
4802 14
1874 14
8051 14
19546 14
15953 14
9910 14
43589 14
4793 14
5264 14
3912 14
6187 14
679 14
12221 14
5883 14
6449 14
39205 14
11412 14
27202 14
2172 14
1922 14
3066 14
4680 14
4271 14
3254 14
4995 14
6566 14
6188 14
6906 14
886 14
47776 14
1605 14
2541 14
12494 14
9701 14
4160 13
2301 13
16366 13
1239 13
7547 13
1940 13
10127 13
739 13
538 13
15082 13
1148 13
9905 13
4659 13
12897 13
5799 13
15723 13
12679 13
1170 13
18967 13
5977 13
12311 13
274 13
5205 13
4795 13
1234 13
6173 13
2544 13
1005 13
15648 13
7529 13
6423 13
9875 13
21283 13
13314 13
2029 13
14760 13
1340 13
1551 13
1027 13
11003 13
13282 13
2977 13
8469 13
2193 13
622 13
11075 13
9722 13
48515 13
5750 13
11840 13
3105 13
15782 12
10344 12
3222 12
16438 12
20138 12
5507 12
270 12
10178 12
1655 12
13589 12
3959 12
14221 12
7865 12
2828 12
13177 12
6467 12
1400 12
4610 12
2390 12
6744 12
8771 12
1158 12
6888 12
3487 12
7677 12
9736 12
2337 12
22777 12
9357 12
2176 12
7094 12
7745 12
5094 12
11190 12
15546 12
4696 12
2556 12
840 12
35528 12
9773 12
5713 12
8163 12
29005 12
2240 12
2726 12
7543 12
48812 12
542 12
4233 12
3075 12
10920 11
1712 11
522 11
6086 11
7305 11
20144 11
1988 11
40827 11
7162 11
9355 11
2477 11
8614 11
15917 11
5620 11
2801 11
14850 11
3055 11
9839 11
5560 11
1781 11
9879 11
10256 11
7659 11
11842 11
5922 11
13201 11
2191 11
10441 11
7060 11
5873 11
2071 11
47076 11
3875 11
8098 11
4245 11
12602 11
24083 11
3451 11
7620 11
8676 11
14551 11
9829 11
3717 11
11853 11
3205 11
7753 11
11096 11
4925 11
7687 11
2548 11
12172 11
6776 11
4331 11
6864 11
2474 11
2737 11
7099 11
694 11
7016 11
6564 11
9680 11
4348 11
17054 11
23291 11
5523 11
8039 11
1840 11
16092 11
8149 11
3406 10
1978 10
2417 10
8023 10
21550 10
9812 10
10782 10
3308 10
6256 10
612 10
2505 10
1962 10
5253 10
3731 10
3851 10
5144 10
6764 10
6943 10
10955 10
10458 10
8474 10
13996 10
1074 10
8837 10
6548 10
5836 10
7235 10
4181 10
13491 10
3724 10
2699 10
2958 10
14906 10
3883 10
11476 10
8154 10
3302 10
10518 10
20458 10
1025 10
8855 10
1284 10
7578 10
2069 10
3136 10
18627 10
796 10
4683 10
8948 10
3461 10
11369 10
1658 10
9465 10
9581 10
48500 10
4078 10
14069 10
17364 10
10563 10
7310 10
7963 10
14983 10
6135 10
14071 10
21534 10
3575 10
280 10
6594 10
11472 10
6773 10
14875 10
36141 10
14559 10
49245 10
3819 10
5438 10
1844 10
2908 10
559 10
9499 10
3005 10
15902 10
5862 10
4314 10
22821 10
11187 10
4055 10
4306 10
17143 10
9365 10
10157 10
5911 9
14135 9
5847 9
2202 9
9753 9
12374 9
7777 9
1351 9
8217 9
2839 9
2550 9
12878 9
12694 9
5437 9
17024 9
649 9
4614 9
15061 9
276 9
3399 9
3420 9
14088 9
9545 9
871 9
9686 9
15985 9
5985 9
13770 9
1171 9
3769 9
9944 9
13919 9
6473 9
8476 9
6863 9
2733 9
6194 9
5931 9
6927 9
8396 9
19021 9
17223 9
6893 9
2295 9
10912 9
6561 9
3400 9
30957 9
40568 9
2553 9
6039 9
5284 9
8258 9
5039 9
4038 9
5744 9
6335 9
13446 9
973 9
8222 9
2231 9
20559 9
7298 9
6179 9
32426 9
2970 9
36614 9
17951 9
1953 9
13029 9
9314 9
32789 9
2161 9
15464 9
46798 9
13665 9
9822 9
6358 9
46865 9
2975 9
35072 9
261 9
2540 9
13405 8
10158 8
761 8
767 8
11843 8
9286 8
14275 8
6470 8
5579 8
15287 8
3329 8
5141 8
9654 8
5592 8
11714 8
2157 8
8737 8
6370 8
2321 8
4804 8
15472 8
277 8
14304 8
9492 8
2601 8
4335 8
2754 8
9754 8
830 8
7663 8
12660 8
1572 8
1565 8
28912 8
8225 8
328 8
8743 8
31855 8
11463 8
4108 8
9392 8
1563 8
751 8
10338 8
12182 8
6829 8
13635 8
18075 8
515 8
3383 8
9270 8
1700 8
10229 8
8489 8
12033 8
35375 8
6664 8
21750 8
41906 8
7072 8
2046 8
19158 8
8960 8
9301 8
24411 8
6948 8
10080 8
22054 8
19352 8
8289 8
14191 8
19210 8
4208 8
9546 8
3258 8
9179 8
45031 8
1776 8
3364 8
19669 8
16094 8
10076 8
13737 8
12580 8
597 8
3772 8
9648 8
11086 8
7148 8
1358 8
8673 8
4352 8
21201 8
5188 8
3220 8
3789 8
7656 8
2026 8
8049 8
1736 8
21788 8
3428 8
30223 8
2568 8
3445 8
512 7
2877 7
3153 7
12495 7
10266 7
15090 7
1217 7
44140 7
2807 7
6667 7
18130 7
5972 7
4337 7
4868 7
20448 7
2705 7
2443 7
25066 7
4668 7
1414 7
18892 7
592 7
1096 7
6481 7
5726 7
6189 7
16263 7
10086 7
333 7
3279 7
7964 7
2327 7
6417 7
9519 7
2122 7
14178 7
8184 7
11105 7
1044 7
2131 7
16652 7
21194 7
6780 7
4726 7
15801 7
32231 7
4724 7
14199 7
7014 7
17581 7
37807 7
18236 7
19411 7
3272 7
1907 7
13970 7
21393 7
8251 7
7429 7
6072 7
7361 7
3093 7
5586 7
3835 7
2659 7
1934 7
7591 7
344 7
9001 7
912 7
5897 7
646 7
16440 7
968 7
3720 7
4312 7
11909 7
4200 7
2709 7
6779 7
15725 7
2188 7
9227 7
1362 7
3149 7
19665 7
5892 7
1910 7
613 7
3288 7
1064 7
1484 7
15450 7
5547 7
19280 7
5940 7
9471 7
3299 7
15394 7
1895 7
22124 7
4952 7
700 7
1386 7
2651 7
6752 7
7517 7
570 7
706 7
9284 7
9877 7
18582 7
6514 7
775 7
2089 7
1963 7
5900 7
1860 7
3607 7
5809 7
1006 7
18754 7
17710 7
9861 7
2895 7
15063 7
9478 7
19564 7
12034 7
11348 7
19061 7
16807 7
26468 7
42230 6
1994 6
16365 6
5356 6
24720 6
10837 6
6682 6
15779 6
2261 6
3504 6
4636 6
12608 6
555 6
11380 6
5408 6
2140 6
7681 6
20802 6
9707 6
13377 6
11452 6
988 6
1150 6
33083 6
8967 6
3142 6
20795 6
22107 6
2027 6
1182 6
4740 6
614 6
2814 6
26917 6
42782 6
1857 6
1789 6
8686 6
8301 6
6724 6
949 6
12320 6
3704 6
16097 6
2567 6
281 6
7342 6
1210 6
27669 6
4555 6
2604 6
1134 6
18179 6
15588 6
15223 6
38516 6
5391 6
5621 6
19588 6
32409 6
697 6
6324 6
1868 6
10174 6
341 6
8639 6
22654 6
16750 6
3742 6
5339 6
3630 6
5289 6
8292 6
18002 6
19101 6
5766 6
7594 6
1365 6
820 6
16066 6
65 6
16594 6
12054 6
10625 6
326 6
14606 6
6805 6
1998 6
6982 6
5247 6
2138 6
8692 6
1722 6
334 6
10884 6
5549 6
1848 6
12315 6
3386 6
1704 6
86 6
9052 6
14050 6
750 6
2224 6
1827 6
2342 6
4094 6
8851 6
15861 6
7304 6
10865 6
5285 6
1418 6
3322 6
12991 6
1758 6
10220 6
12440 6
4113 6
2881 6
9521 6
7633 6
13399 6
7700 6
1805 6
5161 6
18476 6
2227 6
14400 6
2119 6
4594 6
28424 6
13839 6
24120 6
15759 6
5416 6
2346 6
3782 6
2870 6
4585 6
1130 6
2016 6
19220 6
4304 6
12702 6
1302 6
3703 6
2319 6
6313 6
4615 6
14248 6
7053 6
2873 6
4905 6
773 6
10126 6
9914 6
12450 6
3418 6
12619 6
5574 6
9690 6
6565 6
3667 6
1882 6
2439 6
2547 6
937 6
1033 6
41236 6
18347 6
2401 6
590 6
12648 6
14987 6
3994 6
39265 6
3390 6
3847 6
783 6
1681 6
7651 6
16748 5
2653 5
23883 5
17838 5
6926 5
7122 5
3417 5
5591 5
15354 5
38049 5
18931 5
17859 5
10693 5
10235 5
762 5
6784 5
24734 5
25394 5
2747 5
545 5
2444 5
10039 5
1099 5
19573 5
14706 5
588 5
752 5
13055 5
19889 5
15937 5
20261 5
37066 5
7136 5
31968 5
29696 5
9975 5
19234 5
18291 5
14053 5
3140 5
674 5
31206 5
15304 5
6160 5
8895 5
8405 5
13071 5
13585 5
13930 5
6176 5
21361 5
5518 5
5849 5
581 5
541 5
14313 5
3878 5
3178 5
34657 5
1782 5
21087 5
12196 5
21914 5
2834 5
12401 5
14223 5
20184 5
7791 5
7245 5
2096 5
756 5
1248 5
534 5
2090 5
22546 5
4932 5
2741 5
9197 5
3101 5
17862 5
4001 5
262 5
42452 5
2852 5
4935 5
13706 5
1097 5
1695 5
26499 5
3204 5
8829 5
20431 5
15618 5
2002 5
6533 5
7141 5
577 5
2502 5
8940 5
12872 5
7953 5
21315 5
15308 5
5771 5
2757 5
2209 5
6381 5
32946 5
15562 5
12978 5
25260 5
1802 5
580 5
332 5
29202 5
1088 5
9729 5
532 5
2315 5
9528 5
11651 5
17025 5
1318 5
560 5
29720 5
3289 5
2921 5
14289 5
3467 5
673 5
23271 5
6503 5
12744 5
2229 5
32817 5
10299 5
1061 5
33341 5
1689 5
21900 5
16637 5
3969 5
5298 5
9965 5
10536 5
11035 5
3161 5
19605 5
8608 5
9990 5
2688 5
10725 5
928 5
16480 5
4759 5
8646 5
7328 5
6754 5
527 5
8603 5
11729 5
5335 5
3790 5
9071 5
23205 5
5400 5
5727 5
9409 5
6606 5
10027 5
17292 5
1845 5
17740 5
24869 5
9258 5
656 5
1816 5
11676 5
648 5
26440 5
4241 5
23503 5
6404 5
1628 5
4040 5
8658 5
695 5
4687 5
8034 5
14592 5
38531 5
23178 5
30616 5
1041 5
24879 5
1107 5
24806 5
4455 5
3326 5
9059 5
8007 5
27992 5
12007 5
45430 5
10633 5
9123 5
26602 5
2285 5
9308 5
18697 5
2436 5
19897 5
10641 5
2552 5
15939 5
18440 5
6351 5
36877 5
6721 5
11936 4
8170 4
9129 4
9799 4
7384 4
33534 4
2867 4
14486 4
14024 4
10967 4
5173 4
6287 4
9181 4
39942 4
764 4
4476 4
713 4
36192 4
878 4
661 4
1645 4
26321 4
8922 4
5346 4
10159 4
11257 4
32074 4
12750 4
9734 4
4579 4
3349 4
14547 4
879 4
514 4
17525 4
16303 4
4781 4
10492 4
3044 4
3966 4
1432 4
10223 4
9589 4
12674 4
3616 4
7151 4
35089 4
4372 4
17606 4
2110 4
11010 4
9535 4
7860 4
3151 4
9200 4
11007 4
13331 4
321 4
4197 4
4790 4
4924 4
935 4
2751 4
5193 4
6692 4
7822 4
3610 4
3316 4
22787 4
11887 4
5019 4
46602 4
21261 4
29835 4
15417 4
15204 4
5791 4
12428 4
677 4
11193 4
17111 4
8525 4
14832 4
5031 4
1737 4
6680 4
1939 4
4500 4
38950 4
11781 4
4302 4
14711 4
29071 4
5805 4
2997 4
16029 4
640 4
4073 4
4914 4
605 4
10594 4
12914 4
6024 4
5420 4
870 4
1439 4
8087 4
5989 4
2187 4
3382 4
2359 4
14146 4
8808 4
6347 4
15255 4
4593 4
8165 4
616 4
20953 4
13825 4
4228 4
37231 4
1981 4
7715 4
31499 4
2410 4
7505 4
6944 4
3574 4
9619 4
5448 4
15041 4
6831 4
3431 4
9672 4
20501 4
9898 4
34459 4
17154 4
10278 4
643 4
37419 4
1633 4
3555 4
5751 4
23730 4
7236 4
7890 4
5795 4
6237 4
7616 4
4738 4
22999 4
16610 4
6063 4
3798 4
12386 4
13914 4
4042 4
7004 4
36665 4
5950 4
15479 4
15646 4
2817 4
11038 4
17734 4
1916 4
22769 4
9886 4
3095 4
10498 4
5980 4
3830 4
7993 4
9956 4
7658 4
19208 4
34221 4
5108 4
11124 4
564 4
13210 4
722 4
582 4
4052 4
3184 4
2931 4
18044 4
21222 4
2951 4
3096 4
2613 4
4501 4
6244 4
21468 4
9289 4
3469 4
4929 4
14879 4
16414 4
3677 4
4096 4
39036 4
8949 4
4535 4
9568 4
3971 4
4938 4
31402 4
6626 4
2015 4
3285 4
4664 4
606 4
10064 4
8383 4
2238 4
2199 4
6822 4
4008 4
37919 4
21785 4
19521 4
2349 4
1451 4
4635 4
5052 4
43001 4
8265 4
1126 4
19338 4
11071 4
1039 4
814 4
2878 4
1936 4
24346 4
17974 4
13927 4
16605 4
5894 4
5580 4
70 4
40839 4
10459 4
12937 4
38130 4
12579 4
4115 4
10282 4
17423 4
1299 4
9631 4
1761 4
755 4
2735 4
32866 4
7373 4
11285 4
8449 4
16814 4
9384 4
6433 4
37063 4
15806 4
4279 4
10626 4
9063 4
1462 4
20564 4
1945 4
2591 4
26934 4
567 4
7364 4
4298 4
3557 4
6493 4
23449 4
6325 4
4642 4
17662 4
2625 4
7796 4
6952 4
13297 4
9953 4
3840 4
3749 4
9884 4
12490 4
20406 4
19063 4
3728 4
3706 4
5563 4
3723 4
3030 4
18589 4
20620 4
15610 4
256 4
7447 4
15997 4
25376 4
6068 4
17221 4
4658 4
16968 4
1992 4
46575 4
8757 4
12363 4
4928 4
1799 4
650 4
14171 4
617 4
6816 4
3086 4
3590 4
4149 4
4779 4
4399 4
37830 4
16025 4
2538 4
4471 4
1100 4
6328 4
3595 4
678 4
3511 4
1094 4
2896 4
10925 4
5777 4
4904 4
7619 4
24024 4
11627 4
14399 4
3891 4
17493 4
11622 4
14962 4
793 4
4132 4
11286 4
2582 4
5904 4
4652 4
38679 4
10449 4
17794 4
21683 4
14628 4
29994 4
32325 4
5598 4
12544 4
8964 4
22813 4
7810 3
21714 3
12164 3
20062 3
15121 3
24906 3
6696 3
3475 3
3519 3
6719 3
2382 3
2077 3
15802 3
35045 3
73 3
680 3
8349 3
7979 3
6955 3
11121 3
8547 3
4336 3
5341 3
33770 3
13981 3
2384 3
4641 3
1139 3
4512 3
12087 3
5326 3
552 3
9588 3
7070 3
9685 3
1194 3
6702 3
12507 3
14540 3
6883 3
26200 3
32853 3
8643 3
20027 3
6321 3
11092 3
1920 3
699 3
7496 3
5261 3
5717 3
40118 3
20686 3
5072 3
18911 3
609 3
11956 3
12326 3
27243 3
6027 3
2137 3
6616 3
7097 3
4811 3
11972 3
278 3
1993 3
21830 3
29304 3
15884 3
12308 3
4967 3
5389 3
3953 3
43265 3
15305 3
561 3
3170 3
663 3
12351 3
1220 3
11538 3
13004 3
9404 3
3992 3
13312 3
1808 3
6589 3
10577 3
4552 3
4778 3
32111 3
4005 3
1434 3
4446 3
6965 3
40524 3
7101 3
35204 3
1970 3
5818 3
23793 3
7912 3
13634 3
3636 3
3656 3
22696 3
29502 3
14305 3
72 3
5708 3
3788 3
19451 3
4247 3
47194 3
39997 3
1620 3
2389 3
25016 3
7292 3
42800 3
852 3
589 3
5521 3
12342 3
526 3
12183 3
22753 3
3426 3
6596 3
11160 3
4017 3
22973 3
1546 3
3514 3
21689 3
18944 3
33002 3
13964 3
8774 3
20284 3
16123 3
14105 3
5942 3
6716 3
9915 3
4157 3
7063 3
5147 3
11052 3
23013 3
33775 3
1728 3
8527 3
687 3
30736 3
3341 3
4836 3
33855 3
11589 3
4452 3
13101 3
6377 3
16240 3
4218 3
6002 3
18543 3
1716 3
2961 3
13383 3
4313 3
13033 3
765 3
688 3
19873 3
5439 3
940 3
1743 3
11375 3
10284 3
5722 3
19692 3
13661 3
3600 3
9026 3
13194 3
6177 3
335 3
33365 3
4844 3
10233 3
3568 3
36267 3
5793 3
1726 3
5441 3
2478 3
37668 3
14922 3
14709 3
2916 3
10635 3
4082 3
1446 3
892 3
29018 3
12135 3
29043 3
5110 3
42849 3
275 3
10593 3
4712 3
26273 3
14959 3
547 3
16747 3
16709 3
4365 3
323 3
10141 3
15150 3
4284 3
22978 3
20703 3
7867 3
22668 3
17319 3
2204 3
8119 3
3244 3
41360 3
10649 3
11133 3
31044 3
2783 3
11343 3
11862 3
6843 3
4423 3
3366 3
723 3
2954 3
24423 3
3618 3
18280 3
1298 3
5834 3
6631 3
11195 3
13054 3
7618 3
33439 3
10129 3
5231 3
10359 3
2829 3
9151 3
1258 3
37292 3
6628 3
1632 3
9673 3
2943 3
1090 3
16386 3
22301 3
915 3
1368 3
4382 3
7894 3
39146 3
10681 3
14730 3
10749 3
13820 3
10202 3
1225 3
8507 3
7787 3
14032 3
3159 3
903 3
46011 3
13153 3
13881 3
571 3
891 3
24991 3
34807 3
1295 3
24345 3
9058 3
16098 3
5646 3
34014 3
9273 3
12375 3
33928 3
22852 3
30606 3
15553 3
2589 3
38147 3
81 3
5839 3
23802 3
16871 3
20303 3
4397 3
3770 3
692 3
30501 3
21268 3
43422 3
11549 3
35424 3
23565 3
7913 3
5879 3
22068 3
28215 3
1755 3
9982 3
3123 3
16156 3
19712 3
26545 3
3496 3
952 3
21389 3
40922 3
9173 3
4568 3
6231 3
1113 3
26690 3
4936 3
3327 3
38248 3
24344 3
13716 3
3687 3
15969 3
21621 3
9569 3
2280 3
38419 3
8918 3
8532 3
7232 3
17674 3
6197 3
14218 3
5554 3
12436 3
8331 3
1264 3
5373 3
1238 3
9236 3
8670 3
10259 3
9321 3
6206 3
7241 3
24859 3
17443 3
1349 3
8040 3
1866 3
7357 3
2698 3
11811 3
12781 3
24357 3
6286 3
8357 3
2863 3
7228 3
4210 3
1464 3
35132 3
12701 3
876 3
17713 3
9067 3
11997 3
10880 3
3113 3
11809 3
31900 3
9731 3
11354 3
11838 3
2312 3
11881 3
1092 3
811 3
11258 3
23664 3
3809 3
5150 3
30072 3
8188 3
24493 3
6573 3
2418 3
3389 3
40336 3
8818 3
5115 3
13283 3
540 3
6838 3
5303 3
2271 3
4018 3
17815 3
6402 3
19845 3
13762 3
9955 3
11567 3
12520 3
6212 3
46305 3
18001 3
14697 3
7229 3
25860 3
6387 3
14797 3
5954 3
6152 3
29184 3
7147 3
9278 3
6850 3
23996 3
2437 3
521 3
3306 3
11816 3
10691 3
1584 3
3344 3
6494 3
18848 3
15781 3
8749 3
9367 3
7195 3
19368 3
1203 3
28963 3
24266 3
986 3
9368 3
29583 3
2522 3
6332 3
7881 3
6922 3
9937 3
8302 3
39012 3
6630 3
9072 3
20473 3
20070 3
30288 3
48581 3
1243 3
5099 3
1323 3
8373 3
5914 3
6611 3
8088 3
9310 3
562 3
6879 3
2700 3
795 3
8944 3
18454 3
2717 3
19668 3
7737 3
21108 3
4854 3
18592 3
3854 3
19667 3
998 3
15039 3
17577 3
324 3
13068 3
14723 3
2510 3
33544 3
25104 3
1460 3
24237 3
5481 3
46170 3
1199 3
27216 3
10033 3
628 3
1085 3
5790 3
14745 3
38535 3
1747 3
15560 3
12019 3
1682 3
16523 3
8691 3
15639 3
9723 3
6333 3
7528 3
17787 3
5102 3
76 3
1416 3
3444 3
10179 3
15443 3
24546 3
5677 3
2182 3
6791 3
34942 3
5860 3
9755 3
12879 3
22672 3
4152 3
2383 3
2887 3
13663 3
4891 3
22895 3
675 3
5928 3
7670 3
916 3
25473 3
1955 3
8598 3
6506 3
9346 3
2499 3
15678 3
32296 3
1894 3
26928 3
1556 3
3152 3
19706 3
3087 3
5328 3
20126 3
46036 3
9417 3
14752 3
6777 3
12236 3
6896 3
21109 2
11637 2
16722 2
6364 2
34470 2
10508 2
6747 2
5124 2
18759 2
1626 2
4582 2
8082 2
18369 2
28008 2
7765 2
12810 2
48123 2
26665 2
37294 2
28150 2
10750 2
1923 2
25272 2
4080 2
15776 2
1200 2
15034 2
24512 2
10552 2
24811 2
4685 2
7752 2
46120 2
572 2
5619 2
924 2
14052 2
808 2
31931 2
11331 2
1160 2
4709 2
10130 2
5131 2
11006 2
15704 2
4010 2
6529 2
38765 2
2504 2
7522 2
23246 2
4129 2
2392 2
7464 2
18172 2
15208 2
7405 2
35636 2
25789 2
719 2
6323 2
33894 2
5444 2
1568 2
25549 2
8037 2
11673 2
30800 2
594 2
21193 2
13598 2
9709 2
4170 2
5068 2
17289 2
41658 2
9283 2
1598 2
624 2
6622 2
2597 2
4053 2
22938 2
11336 2
6997 2
20731 2
7400 2
1268 2
2723 2
6466 2
24263 2
708 2
16385 2
5034 2
7469 2
330 2
9726 2
19923 2
37427 2
15582 2
36499 2
8450 2
943 2
1159 2
19598 2
21819 2
12760 2
5532 2
1609 2
38249 2
10073 2
2714 2
19094 2
14940 2
9827 2
10703 2
12237 2
43341 2
653 2
23219 2
16819 2
5613 2
8825 2
4861 2
25881 2
2325 2
24091 2
9834 2
5319 2
13441 2
28968 2
29656 2
11229 2
18404 2
13909 2
6348 2
4518 2
25546 2
10668 2
46556 2
4439 2
38670 2
10799 2
4077 2
546 2
3931 2
3218 2
2168 2
5402 2
15944 2
14317 2
32683 2
3246 2
35786 2
14831 2
21684 2
34890 2
6546 2
15842 2
6403 2
5243 2
2340 2
5775 2
3848 2
14123 2
566 2
26346 2
3128 2
7978 2
1339 2
20102 2
4145 2
882 2
2385 2
7541 2
28656 2
33139 2
20857 2
9426 2
1055 2
2491 2
48103 2
27272 2
5502 2
23473 2
17058 2
3372 2
21658 2
18910 2
2052 2
31303 2
30730 2
3853 2
4196 2
16305 2
1690 2
4901 2
4946 2
1184 2
7916 2
35495 2
24759 2
11287 2
5569 2
5097 2
19662 2
16821 2
619 2
11192 2
14229 2
26902 2
11883 2
20116 2
3863 2
1904 2
20061 2
18203 2
18553 2
5421 2
2713 2
23357 2
46529 2
19788 2
2530 2
7403 2
4710 2
3569 2
8878 2
43439 2
6973 2
11365 2
6096 2
48065 2
28521 2
3287 2
28167 2
15671 2
2666 2
8264 2
3778 2
22307 2
2900 2
1373 2
21092 2
10050 2
36757 2
8718 2
7409 2
10271 2
6828 2
31557 2
39344 2
17678 2
3214 2
9645 2
4604 2
23964 2
8204 2
6045 2
3712 2
4222 2
23911 2
13753 2
6015 2
14722 2
30233 2
7919 2
30476 2
913 2
5137 2
6807 2
12132 2
25267 2
2991 2
47946 2
8616 2
24659 2
15843 2
26441 2
45202 2
16648 2
22914 2
13673 2
7336 2
2690 2
28889 2
23510 2
43274 2
20009 2
11238 2
3194 2
37522 2
15435 2
5269 2
33134 2
5524 2
17397 2
2886 2
9138 2
1311 2
19085 2
67 2
12406 2
16558 2
11848 2
11818 2
17906 2
1357 2
26621 2
8202 2
5047 2
15069 2
18473 2
851 2
2638 2
4163 2
18736 2
20392 2
25719 2
13911 2
857 2
4973 2
31808 2
9470 2
24197 2
2471 2
5573 2
11617 2
25390 2
31635 2
4907 2
74 2
35036 2
4646 2
69 2
44628 2
12058 2
10942 2
732 2
14764 2
24303 2
8546 2
5466 2
3498 2
11475 2
6873 2
21374 2
12053 2
2341 2
846 2
5837 2
29576 2
28347 2
5516 2
2220 2
4265 2
7622 2
28777 2
9106 2
13431 2
19871 2
21795 2
2694 2
18471 2
17796 2
5695 2
4599 2
48917 2
29923 2
31145 2
8626 2
11515 2
32843 2
13007 2
4796 2
3368 2
6607 2
5721 2
13961 2
9180 2
16901 2
1397 2
1425 2
1218 2
39026 2
2105 2
48887 2
47228 2
6293 2
1765 2
565 2
11932 2
516 2
2146 2
2111 2
34210 2
974 2
7071 2
5142 2
29355 2
4283 2
18581 2
8993 2
6241 2
17533 2
47667 2
2174 2
1056 2
23787 2
1569 2
5859 2
759 2
3815 2
31513 2
6635 2
7263 2
5541 2
2748 2
10706 2
1505 2
6946 2
10264 2
26678 2
717 2
8797 2
32570 2
39577 2
14239 2
22788 2
41071 2
2861 2
4896 2
14322 2
17344 2
23409 2
25974 2
1729 2
36942 2
11151 2
29098 2
8997 2
41447 2
10153 2
2454 2
7639 2
329 2
16711 2
8821 2
15457 2
2091 2
43697 2
38921 2
12332 2
8320 2
5255 2
20182 2
27038 2
11407 2
14487 2
10857 2
5509 2
2323 2
23145 2
5265 2
24355 2
37322 2
33682 2
32493 2
19115 2
13332 2
45768 2
9137 2
36298 2
23886 2
1698 2
5802 2
12857 2
24805 2
9798 2
13760 2
22451 2
8700 2
41812 2
11928 2
11583 2
38404 2
10473 2
18341 2
15931 2
3247 2
13568 2
14006 2
28507 2
4389 2
8070 2
3718 2
6284 2
9775 2
4324 2
8419 2
2791 2
16765 2
16096 2
10710 2
39455 2
9458 2
3385 2
20281 2
2760 2
856 2
11270 2
11613 2
39712 2
9317 2
5185 2
29468 2
1384 2
19157 2
6928 2
524 2
1532 2
47743 2
5302 2
4368 2
24580 2
8060 2
3692 2
22984 2
12146 2
6025 2
11916 2
32449 2
39241 2
23037 2
5278 2
4743 2
2169 2
5061 2
10985 2
34379 2
4945 2
4597 2
23017 2
13480 2
6824 2
24340 2
1850 2
7035 2
12472 2
18170 2
21951 2
12254 2
13606 2
704 2
14272 2
23200 2
4486 2
3546 2
27579 2
3403 2
10387 2
29161 2
3921 2
21191 2
9683 2
14979 2
9128 2
662 2
3436 2
4989 2
12431 2
10414 2
19774 2
42795 2
35213 2
26661 2
44294 2
2812 2
32060 2
4289 2
3321 2
16728 2
16918 2
4964 2
2456 2
19172 2
8021 2
9038 2
13700 2
7688 2
48142 2
1008 2
16078 2
7252 2
7377 2
19974 2
4606 2
1543 2
16424 2
41705 2
26578 2
4815 2
46994 2
30478 2
14186 2
1087 2
712 2
21553 2
3880 2
30771 2
7957 2
16083 2
22114 2
2079 2
20718 2
39836 2
3029 2
17320 2
4425 2
29889 2
32902 2
23098 2
9913 2
13533 2
18573 2
11865 2
3432 2
11300 2
18725 2
2276 2
20375 2
1388 2
932 2
13135 2
2425 2
12776 2
2767 2
3174 2
13938 2
5362 2
3536 2
23243 2
11021 2
3363 2
44016 2
7331 2
13360 2
22563 2
32265 2
1192 2
3057 2
17156 2
4030 2
13053 2
12971 2
3157 2
44086 2
14650 2
16710 2
42618 2
8809 2
32084 2
9674 2
6311 2
282 2
327 2
23583 2
14820 2
5455 2
1691 2
11884 2
28209 2
5352 2
5357 2
11779 2
6344 2
4800 2
4300 2
2755 2
4994 2
33819 2
18738 2
3628 2
1946 2
19164 2
6528 2
13400 2
604 2
774 2
22384 2
22838 2
4529 2
6547 2
10355 2
3699 2
17322 2
20934 2
10735 2
23806 2
26972 2
22948 2
2576 2
16504 2
27951 2
11576 2
5041 2
30997 2
1214 2
10258 2
15105 2
12678 2
43221 2
25942 2
11658 2
19069 2
10292 2
4460 2
28724 2
1878 2
34635 2
263 2
22826 2
3342 2
3758 2
4014 2
10709 2
2623 2
15455 2
25989 2
8113 2
1072 2
1161 2
966 2
15974 2
5999 2
4396 2
15146 2
3125 2
5702 2
17468 2
30867 2
15762 2
4769 2
6526 2
8913 2
9113 2
24205 2
13212 2
5915 2
12577 2
7278 2
7250 2
4671 2
12904 2
6918 2
32019 2
14801 2
982 2
20791 2
17732 2
1661 2
29493 2
42870 2
10173 2
6124 2
731 2
14907 2
2164 2
27058 2
9358 2
3160 2
9632 2
13387 2
16449 2
2466 2
5220 2
27076 2
3998 2
2606 2
6153 2
42817 2
3235 2
48483 2
9542 2
21026 2
1862 2
8644 2
28121 2
21803 2
1631 2
1281 2
815 2
2378 2
4409 2
1942 2
5202 2
6083 2
4962 2
26382 2
27870 2
2330 2
6983 2
4459 2
26705 2
8986 2
12896 2
11064 2
3844 2
6640 2
45568 2
21741 2
14530 2
16557 2
27110 2
9160 2
12258 2
16951 2
5028 2
8209 2
3757 2
22324 2
6128 2
29141 2
14004 2
17076 2
10183 2
8059 2
21524 2
9562 2
88 2
3558 2
9732 2
6448 2
17696 2
8635 2
23828 2
4305 2
26630 2
4413 2
6726 2
7267 2
669 2
3049 2
10433 2
14082 2
38777 2
49121 2
5381 2
44074 2
27526 2
2338 2
8842 2
10364 2
7226 2
33897 2
13025 2
6968 2
838 2
2539 2
7247 2
331 2
12587 2
610 2
26692 2
9864 2
11860 2
29426 2
20819 2
1686 2
26916 2
9510 2
4356 2
19196 2
6121 2
3659 2
16497 2
1345 2
12767 2
2236 2
27583 2
553 2
9464 2
8823 2
18396 2
3236 2
744 2
21414 2
19884 2
4370 2
7704 2
7491 2
43212 2
24542 2
7858 2
8969 2
1421 2
7158 2
2222 2
8754 2
5471 2
7067 2
910 2
2147 2
985 2
1066 2
17500 2
2875 2
3495 2
3094 2
36366 2
19825 2
31176 2
45370 2
26846 2
2144 2
6469 2
3453 2
1437 2
48826 2
36452 2
4772 2
7808 2
13435 2
21736 2
29616 2
6258 2
9109 2
12941 2
11912 2
908 2
28286 2
11798 2
847 2
1807 2
11731 2
5174 2
5991 2
4735 2
19323 2
14318 2
14170 2
16816 2
34724 2
6262 2
33237 2
3781 2
8262 2
18838 2
5961 2
9889 2
3852 2
19905 2
16015 2
34458 2
909 2
43699 2
5783 2
714 2
1364 2
5946 2
799 2
25233 2
2795 2
3831 2
18393 2
33498 2
19289 2
14002 2
8630 2
2278 2
819 2
15134 2
46590 2
12193 2
3887 2
338 2
27405 2
2650 2
26497 2
25193 2
28208 2
33637 2
44282 2
14582 2
29792 2
30506 2
19790 2
667 2
18587 2
24240 2
1663 2
2107 2
5833 2
9185 2
17778 2
26061 2
28160 2
89 2
6847 2
627 2
82 2
21876 2
15198 2
29999 2
22390 2
8233 2
21970 2
3004 2
21265 2
8847 2
10047 2
24976 2
13793 2
1549 2
3530 2
1404 2
1931 2
7383 2
1885 2
6769 2
33463 2
6827 2
38096 2
15329 2
12498 2
5232 2
671 2
7144 2
3228 2
4407 2
42253 2
19121 2
12006 2
4816 2
47720 2
6756 2
13901 2
25912 2
7744 2
16232 2
41604 2
3560 2
6298 2
6267 2
27950 2
13239 2
7290 2
7380 2
45804 2
3408 2
1164 2
1616 2
4203 2
8319 2
11650 2
7980 2
9981 2
11626 2
8707 1
6998 1
23960 1
13829 1
43261 1
21846 1
4752 1
21187 1
1566 1
25547 1
7251 1
17040 1
28497 1
4706 1
5906 1
12231 1
1539 1
5172 1
44722 1
30062 1
26112 1
4072 1
1636 1
10088 1
38897 1
34371 1
12933 1
30236 1
1042 1
1965 1
10890 1
24785 1
12416 1
35307 1
13125 1
19899 1
8143 1
25830 1
30964 1
38376 1
39345 1
19278 1
4939 1
13397 1
6905 1
15020 1
7800 1
46414 1
34453 1
4341 1
11908 1
8800 1
3351 1
26887 1
9097 1
3794 1
1106 1
4154 1
6755 1
36277 1
6094 1
843 1
3147 1
8552 1
3521 1
574 1
28477 1
13703 1
11328 1
1003 1
47396 1
1140 1
17803 1
34493 1
8068 1
34047 1
10961 1
43780 1
259 1
15619 1
2536 1
18451 1
10788 1
17150 1
4676 1
10669 1
49154 1
7115 1
3490 1
21063 1
36497 1
7998 1
14028 1
8340 1
4623 1
13172 1
8930 1
1525 1
14568 1
41999 1
1367 1
15656 1
9687 1
1186 1
1854 1
38005 1
11390 1
46088 1
13694 1
6694 1
6819 1
23731 1
9136 1
12643 1
27565 1
13087 1
15669 1
8548 1
11746 1
19794 1
7746 1
10530 1
5774 1
30824 1
14240 1
2076 1
17307 1
6195 1
32266 1
12296 1
5930 1
2134 1
10488 1
23692 1
24099 1
17066 1
1773 1
7100 1
35417 1
47950 1
4123 1
18427 1
839 1
8653 1
45401 1
26493 1
8917 1
27856 1
11353 1
2241 1
40119 1
27054 1
9629 1
16798 1
3211 1
13027 1
16495 1
46487 1
5842 1
3219 1
13886 1
29114 1
14384 1
9252 1
15010 1
47212 1
30986 1
3256 1
3340 1
28073 1
22450 1
36447 1
14115 1
21557 1
31764 1
39573 1
7901 1
36064 1
14747 1
5699 1
10598 1
42561 1
30128 1
10034 1
6972 1
46655 1
11655 1
17958 1
8970 1
6329 1
4133 1
3292 1
8683 1
3753 1
34803 1
19194 1
48154 1
5079 1
24463 1
47703 1
3334 1
23154 1
34307 1
1893 1
17200 1
13352 1
11500 1
16341 1
3833 1
3193 1
8392 1
2431 1
38013 1
40261 1
8954 1
11236 1
27859 1
3792 1
1084 1
2037 1
6898 1
29873 1
21307 1
10850 1
31348 1
29653 1
12005 1
5801 1
14969 1
2811 1
25395 1
7224 1
9682 1
11203 1
25575 1
25773 1
20896 1
5053 1
12769 1
43734 1
25504 1
13353 1
2293 1
48210 1
7171 1
43500 1
6560 1
21631 1
11652 1
19577 1
19504 1
711 1
5212 1
38611 1
38272 1
7145 1
24839 1
11844 1
954 1
10780 1
8291 1
37730 1
1550 1
26635 1
14411 1
35782 1
21052 1
23562 1
6107 1
5085 1
1753 1
22020 1
35029 1
7370 1
21836 1
24597 1
3450 1
80 1
48052 1
800 1
4363 1
14180 1
7603 1
9530 1
22090 1
6947 1
19265 1
39479 1
27008 1
4920 1
35795 1
37713 1
10014 1
4808 1
11321 1
9795 1
9580 1
18776 1
42641 1
7106 1
23834 1
4673 1
28264 1
5623 1
37462 1
40792 1
21797 1
13805 1
12028 1
6458 1
2503 1
7897 1
42750 1
15131 1
22792 1
6338 1
14051 1
2031 1
15416 1
47894 1
11960 1
13920 1
7991 1
18296 1
22873 1
15230 1
15820 1
2661 1
602 1
1863 1
4039 1
5697 1
5385 1
23438 1
4656 1
11220 1
20052 1
37258 1
10907 1
9320 1
1997 1
18102 1
5165 1
9065 1
34958 1
18753 1
6842 1
6028 1
12199 1
4285 1
7794 1
15030 1
2497 1
9818 1
22655 1
26160 1
1673 1
8253 1
1326 1
21974 1
4384 1
11002 1
14270 1
22822 1
737 1
14992 1
12815 1
12992 1
14104 1
13242 1
5183 1
5754 1
2813 1
21290 1
17897 1
4134 1
3538 1
39669 1
7568 1
21817 1
8618 1
9715 1
16629 1
11033 1
29348 1
21977 1
16459 1
21288 1
33892 1
22134 1
5045 1
27339 1
2060 1
30365 1
20573 1
1108 1
46040 1
21264 1
7689 1
31989 1
12040 1
4506 1
3162 1
7792 1
7184 1
30990 1
9772 1
35845 1
37430 1
10384 1
15344 1
17722 1
5353 1
11920 1
4533 1
4482 1
28377 1
4296 1
35655 1
12154 1
29577 1
3985 1
22900 1
46969 1
36667 1
12445 1
19769 1
11753 1
26177 1
7089 1
3455 1
29797 1
14707 1
9586 1
596 1
8069 1
517 1
4194 1
35057 1
3961 1
8229 1
2663 1
18185 1
22245 1
38027 1
17457 1
13800 1
12281 1
22072 1
3335 1
2013 1
1855 1
8054 1
5526 1
23008 1
20878 1
3239 1
44085 1
36542 1
11802 1
28569 1
41950 1
12590 1
39899 1
25225 1
18437 1
13484 1
15185 1
6860 1
18392 1
14086 1
6161 1
23970 1
634 1
9893 1
322 1
888 1
1706 1
14708 1
29217 1
9141 1
12111 1
28736 1
16736 1
31738 1
11279 1
5728 1
47406 1
45407 1
16938 1
23228 1
30594 1
1470 1
6492 1
18109 1
36334 1
12979 1
39464 1
9099 1
16425 1
18105 1
8748 1
8624 1
19715 1
15079 1
13899 1
7929 1
9918 1
5608 1
28174 1
2082 1
38029 1
17213 1
13011 1
25756 1
26718 1
7119 1
8597 1
11740 1
32228 1
43693 1
2779 1
6295 1
18718 1
1485 1
24728 1
16087 1
29751 1
21399 1
10792 1
1701 1
43211 1
10872 1
20908 1
12126 1
22509 1
2086 1
42349 1
4520 1
1669 1
17769 1
18964 1
11911 1
8744 1
14930 1
12020 1
23203 1
12995 1
4930 1
1356 1
17184 1
27959 1
42492 1
9706 1
37122 1
23041 1
11108 1
5119 1
40571 1
4834 1
4127 1
701 1
10316 1
4213 1
5748 1
15821 1
10394 1
13060 1
11392 1
1711 1
43123 1
904 1
14635 1
5090 1
8045 1
10579 1
36707 1
39051 1
28814 1
43105 1
858 1
9537 1
11367 1
22059 1
31496 1
11878 1
1142 1
16225 1
38113 1
24962 1
3559 1
7476 1
6235 1
12043 1
29289 1
37524 1
24149 1
24721 1
4838 1
45108 1
3528 1
27181 1
2177 1
17088 1
3812 1
6919 1
17036 1
8773 1
10400 1
26325 1
10322 1
46278 1
16762 1
14157 1
15095 1
10309 1
31593 1
10610 1
5505 1
48649 1
16590 1
15624 1
8910 1
12689 1
11574 1
15706 1
7465 1
35667 1
34382 1
1222 1
4107 1
12009 1
17739 1
5067 1
1883 1
10776 1
43172 1
43201 1
24812 1
7468 1
44356 1
23159 1
29170 1
8093 1
12297 1
14415 1
2398 1
39075 1
14188 1
44100 1
21691 1
33780 1
3862 1
14345 1
5660 1
15705 1
1935 1
9796 1
17679 1
17245 1
9695 1
1956 1
6296 1
17165 1
14605 1
2762 1
36154 1
6129 1
4083 1
11318 1
38539 1
7253 1
6357 1
1073 1
10779 1
17491 1
9423 1
21159 1
2126 1
10404 1
778 1
3374 1
523 1
17425 1
27721 1
544 1
5155 1
8393 1
1621 1
48440 1
20958 1
31174 1
8124 1
23168 1
21573 1
27197 1
19906 1
34821 1
10954 1
1329 1
20714 1
16544 1
9103 1
47807 1
657 1
17634 1
23488 1
31048 1
15661 1
12358 1
37221 1
2725 1
3133 1
18327 1
6931 1
24966 1
32899 1
11156 1
17460 1
11139 1
18421 1
2953 1
2215 1
18095 1
4976 1
13623 1
8565 1
13292 1
12188 1
1873 1
11691 1
25099 1
15521 1
1976 1
5763 1
7755 1
34402 1
32573 1
12891 1
44907 1
34281 1
8553 1
12004 1
15045 1
14281 1
25146 1
29341 1
16855 1
16198 1
32628 1
16192 1
936 1
42567 1
25072 1
33296 1
6266 1
5267 1
11202 1
16992 1
9434 1
44028 1
8706 1
3773 1
14090 1
17599 1
3415 1
31260 1
18444 1
1211 1
32735 1
7714 1
7201 1
26035 1
12811 1
9555 1
6247 1
3083 1
15370 1
6601 1
2985 1
20858 1
33403 1
11719 1
13260 1
30502 1
3078 1
24766 1
7306 1
7712 1
30181 1
40602 1
35153 1
15547 1
1293 1
28423 1
19670 1
33767 1
4700 1
38534 1
24525 1
14994 1
8473 1
17867 1
39444 1
31785 1
23755 1
47120 1
20304 1
38407 1
9475 1
1341 1
10343 1
71 1
34950 1
8231 1
10146 1
4777 1
7843 1
18344 1
11905 1
11810 1
1316 1
5567 1
4394 1
15752 1
2297 1
15388 1
2320 1
24691 1
3223 1
14952 1
21843 1
4274 1
5976 1
8592 1
13102 1
12051 1
1749 1
7348 1
20287 1
6841 1
19171 1
26044 1
24495 1
1642 1
25871 1
2520 1
17593 1
35470 1
9243 1
12213 1
2232 1
20224 1
6524 1
3499 1
1036 1
19570 1
2314 1
26443 1
1037 1
8172 1
9450 1
3232 1
16155 1
18737 1
14102 1
26922 1
3889 1
45188 1
10640 1
19353 1
3312 1
8568 1
22681 1
2592 1
12060 1
6065 1
3898 1
20033 1
39488 1
8408 1
22508 1
1582 1
19559 1
6949 1
8828 1
880 1
7557 1
43011 1
12206 1
6654 1
8005 1
37780 1
7750 1
31778 1
6783 1
17048 1
4954 1
4527 1
3828 1
26581 1
11939 1
5880 1
2008 1
41432 1
2832 1
39278 1
1785 1
745 1
746 1
18420 1
24582 1
19198 1
28905 1
13316 1
21669 1
1430 1
10200 1
4825 1
27519 1
8227 1
19153 1
8726 1
29108 1
26231 1
34943 1
3293 1
6536 1
43315 1
2167 1
10676 1
9639 1
4224 1
2920 1
1640 1
11495 1
1666 1
16507 1
17376 1
4621 1
5876 1
12108 1
12314 1
12049 1
48499 1
9472 1
10789 1
27606 1
17748 1
34541 1
7015 1
7150 1
17243 1
24670 1
17700 1
8255 1
13583 1
3929 1
36441 1
29738 1
39828 1
7350 1
6008 1
3552 1
3676 1
27299 1
9712 1
1221 1
6398 1
11355 1
3975 1
3901 1
6261 1
7110 1
7050 1
635 1
47961 1
33676 1
1768 1
6711 1
1317 1
3776 1
11974 1
17830 1
18632 1
17038 1
8242 1
3090 1
9424 1
48836 1
26075 1
16116 1
5594 1
30067 1
5854 1
3993 1
7433 1
33059 1
18459 1
33564 1
36453 1
17844 1
2800 1
9543 1
10741 1
13339 1
777 1
7056 1
7406 1
3771 1
8508 1
22980 1
16835 1
3981 1
36941 1
1263 1
22253 1
29558 1
30093 1
1004 1
1233 1
6603 1
43655 1
6438 1
17390 1
4878 1
987 1
25731 1
33026 1
22231 1
26427 1
22652 1
1156 1
9069 1
8826 1
29314 1
3423 1
7790 1
1406 1
6099 1
29172 1
45719 1
29697 1
29049 1
1523 1
1804 1
2515 1
18090 1
7524 1
23541 1
46398 1
27353 1
2808 1
2910 1
1076 1
3894 1
4325 1
25876 1
26894 1
29301 1
15127 1
43081 1
27401 1
15789 1
2284 1
25702 1
25791 1
5394 1
20853 1
27986 1
6134 1
1399 1
41072 1
543 1
19441 1
11252 1
4262 1
44452 1
11379 1
29249 1
29322 1
39409 1
34482 1
3021 1
3059 1
34009 1
32988 1
18686 1
13912 1
40555 1
832 1
39760 1
9828 1
22548 1
27369 1
2836 1
22297 1
39831 1
10632 1
5550 1
30592 1
5687 1
21541 1
18042 1
32288 1
2696 1
9362 1
6278 1
30623 1
11539 1
7754 1
28907 1
22032 1
11290 1
8617 1
17229 1
5772 1
7735 1
37887 1
17850 1
629 1
3696 1
27879 1
31216 1
7646 1
30201 1
31322 1
8978 1
14597 1
2581 1
9379 1
39798 1
6119 1
5926 1
13323 1
1693 1
10861 1
6634 1
1813 1
11794 1
2827 1
41282 1
850 1
529 1
5374 1
5808 1
30066 1
16998 1
22759 1
43383 1
6810 1
44302 1
2364 1
16805 1
4607 1
13752 1
21515 1
34161 1
20715 1
21083 1
10474 1
3733 1
41650 1
1826 1
2941 1
12176 1
6575 1
45858 1
1335 1
1926 1
12952 1
576 1
26766 1
38118 1
2180 1
1079 1
757 1
26760 1
35331 1
8783 1
1924 1
24261 1
15900 1
4689 1
12491 1
6182 1
25464 1
14626 1
938 1
18331 1
19202 1
5107 1
3762 1
26266 1
23520 1
19827 1
28822 1
24501 1
17485 1
15718 1
6301 1
2270 1
6416 1
6576 1
29734 1
23185 1
15972 1
7198 1
35416 1
10397 1
23326 1
10289 1
10380 1
5304 1
7104 1
17944 1
7626 1
11494 1
33810 1
46363 1
12593 1
30304 1
31016 1
29054 1
24425 1
3537 1
5477 1
11 1
59 1
19822 1
36995 1
21163 1
16390 1
6684 1
2353 1
10941 1
4996 1
14155 1
13263 1
4036 1
20734 1
10444 1
7798 1
34375 1
1240 1
801 1
44283 1
1458 1
18410 1
15681 1
34045 1
44887 1
1447 1
13411 1
30769 1
42772 1
6543 1
27696 1
4639 1
42796 1
9253 1
8534 1
7020 1
35687 1
16327 1
1306 1
8667 1
15614 1
26053 1
15396 1
18916 1
26812 1
10097 1
31486 1
2192 1
34271 1
1849 1
1396 1
14284 1
49079 1
13644 1
10197 1
4140 1
14512 1
10483 1
23523 1
2930 1
6088 1
8654 1
19886 1
1385 1
6641 1
23361 1
15832 1
9145 1
27335 1
41262 1
2281 1
13520 1
7098 1
8606 1
31327 1
30991 1
46480 1
11358 1
26503 1
7763 1
21926 1
15785 1
6598 1
25293 1
1721 1
1102 1
13175 1
18475 1
5013 1
16785 1
3729 1
5601 1
21071 1
13256 1
23593 1
21543 1
30393 1
6018 1
11915 1
47639 1
25842 1
7920 1
23658 1
4886 1
20400 1
29089 1
10874 1
32182 1
44207 1
603 1
3811 1
32133 1
1989 1
5659 1
32189 1
44564 1
5681 1
3134 1
24153 1
9285 1
3505 1
1702 1
26311 1
15377 1
33447 1
48323 1
8313 1
39471 1
2704 1
15818 1
18441 1
12468 1
42847 1
30271 1
30471 1
9607 1
35321 1
2010 1
33013 1
8481 1
15904 1
1757 1
21311 1
1394 1
11244 1
12316 1
4716 1
8316 1
30409 1
40517 1
10317 1
11930 1
7579 1
17447 1
43673 1
16111 1
11371 1
15293 1
30468 1
37194 1
9526 1
14572 1
27059 1
12646 1
10891 1
9461 1
26286 1
7869 1
22707 1
2525 1
659 1
10226 1
15368 1
4589 1
26149 1
6518 1
19364 1
15860 1
14934 1
23139 1
12016 1
15362 1
4401 1
1247 1
10537 1
17890 1
12962 1
1029 1
9513 1
16058 1
1322 1
9744 1
32799 1
3045 1
32910 1
38481 1
17269 1
5461 1
23827 1
2771 1
14612 1
4007 1
17849 1
18152 1
8869 1
8991 1
35704 1
8500 1
22127 1
33468 1
10265 1
3925 1
7385 1
30530 1
3693 1
17846 1
5217 1
19850 1
27264 1
3629 1
15616 1
7114 1
15028 1
30515 1
21526 1
33774 1
709 1
8398 1
19743 1
33048 1
3797 1
13739 1
10361 1
1466 1
12584 1
955 1
16619 1
4846 1
13972 1
2001 1
1110 1
3956 1
621 1
12503 1
20146 1
41623 1
1337 1
2448 1
950 1
23997 1
1181 1
28265 1
23267 1
20378 1
4959 1
771 1
625 1
3817 1
16733 1
8739 1
12122 1
28245 1
19716 1
5993 1
1604 1
9541 1
7124 1
5857 1
1473 1
23468 1
39230 1
31523 1
4784 1
19407 1
5731 1
12899 1
21909 1
15660 1
10155 1
810 1
29939 1
6076 1
17346 1
6016 1
6013 1
38078 1
14595 1
13040 1
31388 1
1325 1
10058 1
30727 1
689 1
16930 1
15017 1
7388 1
8963 1
6815 1
4947 1
24001 1
11196 1
46956 1
17145 1
43928 1
17735 1
18653 1
32759 1
7039 1
19284 1
12600 1
37069 1
39631 1
8733 1
7515 1
5605 1
11288 1
12623 1
24881 1
20399 1
844 1
30432 1
3281 1
15747 1
7118 1
24535 1
6453 1
9290 1
12249 1
5060 1
4942 1
9836 1
4870 1
961 1
5347 1
27290 1
647 1
10684 1
18978 1
1381 1
17955 1
8025 1
27043 1
17380 1
25022 1
45608 1
13404 1
11672 1
5216 1
17929 1
39321 1
30069 1
1833 1
11557 1
23846 1
4046 1
43987 1
1303 1
43230 1
4713 1
5872 1
36071 1
12728 1
4849 1
7562 1
14242 1
10181 1
18637 1
14627 1
8186 1
11612 1
9978 1
6023 1
5543 1
36079 1
8518 1
18465 1
17141 1
3138 1
20213 1
14049 1
5274 1
35513 1
30328 1
5033 1
16638 1
5401 1
5600 1
9582 1
1541 1
1018 1
3716 1
46601 1
12411 1
7430 1
867 1
21654 1
25571 1
5118 1
30107 1
5450 1
26066 1
5919 1
8901 1
31213 1
40221 1
35785 1
10274 1
5815 1
47217 1
33901 1
44872 1
8162 1
35058 1
13766 1
25952 1
3588 1
19691 1
11982 1
11467 1
32905 1
7012 1
19513 1
25564 1
11808 1
28709 1
18694 1
33947 1
2648 1
944 1
43625 1
28402 1
40367 1
12874 1
3506 1
1429 1
33677 1
7848 1
3868 1
35084 1
6305 1
28370 1
5616 1
25124 1
9391 1
5761 1
1187 1
22733 1
24640 1
3387 1
7772 1
21609 1
980 1
43531 1
10957 1
1744 1
18531 1
7650 1
12844 1
49190 1
4524 1
1974 1
19708 1
8447 1
1535 1
12964 1
42493 1
37690 1
22357 1
21813 1
27581 1
23144 1
41345 1
11543 1
1319 1
1026 1
24945 1
20873 1
4723 1
884 1
30987 1
8582 1
19006 1
8344 1
14873 1
32743 1
3962 1
1059 1
25340 1
5734 1
7197 1
3271 1
13726 1
43034 1
6131 1
47554 1
18245 1
12554 1
4126 1
18723 1
6007 1
42074 1
14312 1
3767 1
3670 1
4885 1
6331 1
8557 1
8876 1
3508 1
6110 1
15871 1
23728 1
38477 1
46743 1
32695 1
12348 1
17228 1
6885 1
31831 1
2853 1
27735 1
3980 1
12068 1
31733 1
12727 1
36971 1
14565 1
19608 1
3456 1
19395 1
6562 1
887 1
9994 1
2996 1
48050 1
3381 1
27034 1
9105 1
43476 1
26064 1
5020 1
2674 1
7389 1
18919 1
14695 1
7040 1
44738 1
39419 1
14462 1
3048 1
12487 1
3644 1
14025 1
1183 1
24241 1
5800 1
5201 1
10826 1
16760 1
4377 1
13953 1
43696 1
43844 1
22495 1
11737 1
39199 1
9615 1
6353 1
25853 1
33376 1
15814 1
5083 1
19606 1
23011 1
6766 1
5528 1
1903 1
18890 1
528 1
8353 1
31067 1
4294 1
13517 1
27920 1
20644 1
36506 1
33313 1
7396 1
2809 1
17523 1
14095 1
3625 1
2235 1
26973 1
9784 1
23097 1
1176 1
21321 1
24656 1
8531 1
33491 1
17202 1
7293 1
25958 1
21481 1
21672 1
9340 1
34906 1
27274 1
8864 1
15711 1
14967 1
15766 1
10887 1
29723 1
22103 1
19309 1
12745 1
47935 1
39708 1
25427 1
38352 1
14963 1
18376 1
3088 1
37124 1
42304 1
44644 1
27889 1
10751 1
6159 1
48402 1
1509 1
2848 1
9302 1
19677 1
3042 1
17895 1
7657 1
2260 1
8015 1
20014 1
37750 1
36113 1
5937 1
25430 1
845 1
9441 1
3353 1
4768 1
9293 1
25178 1
34250 1
4035 1
29701 1
33219 1
7026 1
9234 1
15891 1
48182 1
10371 1
24027 1
5979 1
9718 1
34132 1
16413 1
12560 1
1133 1
8990 1
35901 1
10827 1
28257 1
22465 1
19022 1
36179 1
3350 1
28526 1
21029 1
9720 1
6924 1
16081 1
13356 1
1764 1
25685 1
25279 1
22768 1
30401 1
33734 1
25902 1
46191 1
9364 1
10605 1
23088 1
13653 1
3294 1
25013 1
11647 1
10796 1
1927 1
3127 1
48778 1
4171 1
3680 1
6407 1
7939 1
15594 1
19013 1
13657 1
2788 1
17754 1
5562 1
9873 1
21829 1
1881 1
920 1
10515 1
17337 1
7941 1
25442 1
22535 1
14293 1
27520 1
7768 1
10113 1
24160 1
15000 1
27358 1
14092 1
1715 1
2602 1
10950 1
10041 1
14718 1
7600 1
9436 1
19081 1
1270 1
41904 1
34642 1
39055 1
23792 1
769 1
16787 1
19725 1
41349 1
30664 1
2922 1
19378 1
9593 1
1880 1
3990 1
18482 1
22934 1
7185 1
4974 1
8974 1
7319 1
8666 1
16808 1
39521 1
3347 1
4757 1
10198 1
14521 1
4237 1
4514 1
4953 1
7317 1
39948 1
41979 1
48712 1
3026 1
4951 1
7142 1
37566 1
626 1
3362 1
9083 1
4812 1
31251 1
21269 1
9576 1
4130 1
12755 1
4150 1
21279 1
22162 1
25015 1
31290 1
1278 1
7513 1
976 1
39824 1
33272 1
10753 1
26953 1
11012 1
46578 1
24459 1
922 1
7494 1
15359 1
22937 1
15890 1
22585 1
24455 1
2794 1
26879 1
33179 1
31954 1
26563 1
1671 1
1236 1
6600 1
14788 1
14765 1
4111 1
18064 1
16139 1
16400 1
1427 1
8467 1
2426 1
1256 1
20809 1
15248 1
17455 1
35441 1
39962 1
9481 1
6582 1
16525 1
28214 1
46899 1
16977 1
994 1
336 1
16773 1
823 1
548 1
1196 1
13126 1
933 1
17120 1
25678 1
3092 1
8283 1
27503 1
6814 1
2947 1
31857 1
9842 1
2201 1
6852 1
9961 1
24844 1
9043 1
10583 1
12234 1
3468 1
6728 1
17809 1
22559 1
37491 1
2485 1
10134 1
36958 1
27131 1
4601 1
21722 1
23530 1
8562 1
7802 1
17335 1
41027 1
5055 1
24905 1
19700 1
19568 1
19299 1
16784 1
13419 1
15924 1
3031 1
31415 1
13711 1
18023 1
4442 1
44829 1
279 1
46632 1
22290 1
2331 1
983 1
1207 1
12746 1
13475 1
4403 1
1011 1
2025 1
26761 1
22870 1
25997 1
13822 1
17011 1
17629 1
12802 1
30519 1
12153 1
37126 1
6443 1
20222 1
9336 1
44660 1
43057 1
2195 1
24023 1
18868 1
34283 1
3984 1
17926 1
47082 1
992 1
9882 1
30032 1
16975 1
38687 1
7027 1
8180 1
11690 1
11020 1
11759 1
1333 1
43112 1
19033 1
13521 1
1151 1
13989 1
2422 1
4076 1
5742 1
31299 1
17293 1
3645 1
40704 1
9319 1
1547 1
40734 1
8893 1
7720 1
946 1
14202 1
2440 1
11357 1
12139 1
10881 1
16291 1
16795 1
42697 1
3874 1
21790 1
38693 1
6753 1
25658 1
1244 1
1320 1
18320 1
12292 1
37256 1
24757 1
20075 1
8799 1
10937 1
9767 1
6865 1
8689 1
21118 1
16577 1
6867 1
34448 1
5250 1
7471 1
11569 1
25775 1
1304 1
2430 1
66 1
11245 1
10852 1
40810 1
31418 1
34605 1
26592 1
28882 1
18372 1
11227 1
17816 1
18008 1
35337 1
5652 1
6020 1
14375 1
17248 1
3010 1
8745 1
17996 1
4464 1
2309 1
12594 1
20095 1
9950 1
20528 1
8702 1
10911 1
18610 1
15555 1
43770 1
1821 1
6221 1
5418 1
16663 1
45244 1
18605 1
32168 1
21021 1
37478 1
8208 1
5138 1
10325 1
4343 1
2009 1
20357 1
17511 1
2966 1
11162 1
17999 1
19750 1
19916 1
12463 1
21334 1
46538 1
10165 1
1608 1
337 1
2075 1
3414 1
14546 1
18662 1
15987 1
15252 1
5501 1
5533 1
10428 1
36796 1
38322 1
6461 1
2776 1
4219 1
6520 1
557 1
1188 1
16117 1
18863 1
7288 1
36309 1
7474 1
32123 1
29652 1
707 1
35366 1
10413 1
11682 1
520 1
1169 1
21685 1
31902 1
11598 1
13645 1
30649 1
45521 1
11078 1
8512 1
4612 1
2984 1
3550 1
9414 1
5874 1
8026 1
1792 1
3543 1
4817 1
15072 1
7949 1
48862 1
9250 1
21478 1
22540 1
12895 1
10485 1
10528 1
3241 1
20118 1
10900 1
14460 1
36885 1
1986 1
20333 1
13794 1
3168 1
1271 1
16571 1
33216 1
17002 1
38940 1
19457 1
17908 1
83 1
26525 1
17071 1
30135 1
10503 1
10429 1
6676 1
12208 1
5712 1
17010 1
7904 1
343 1
1038 1
266 1
44020 1
10145 1
24190 1
7863 1
17893 1
17436 1
17464 1
7111 1
1398 1
27882 1
27765 1
17177 1
2963 1
1653 1
16640 1
9489 1
3006 1
11747 1
33631 1
4404 1
340 1
4841 1
13309 1
22248 1
342 1
9086 1
15960 1
35971 1
37205 1
17979 1
42616 1
5663 1
25317 1
45605 1
19377 1
15400 1
19440 1
264 1
3784 1
26096 1
11438 1
6584 1
11400 1
5889 1
40565 1
21823 1
7424 1
20339 1
10303 1
11149 1
34730 1
8161 1
2864 1
2929 1
14753 1
8846 1
7561 1
10933 1
33872 1
13001 1
31027 1
37526 1
6060 1
12618 1
36430 1
16464 1
14271 1
2799 1
690 1
7005 1
8784 1
14144 1
6162 1
28654 1
18599 1
30272 1
17061 1
10234 1
30963 1
10095 1
6426 1
18600 1
14044 1
25083 1
18780 1
11949 1
24543 1
3243 1
5967 1
8372 1
11864 1
5885 1
23259 1
6032 1
7518 1
16848 1
17028 1
17881 1
824 1
5671 1
2434 1
8795 1
13751 1
19566 1
5301 1
31889 1
11935 1
13258 1
17093 1
4773 1
5759 1
34418 1
7535 1
36773 1
31403 1
43682 1
7764 1
32917 1
10078 1
16332 1
9078 1
3207 1
26457 1
4548 1
12867 1
28475 1
17056 1
26514 1
6745 1
2855 1
22323 1
27846 1
8730 1
18248 1
10674 1
6382 1
18566 1
17626 1
3914 1
942 1
9276 1
16221 1
2296 1
17231 1
6556 1
914 1
1925 1
6405 1
26674 1
13460 1
1896 1
3515 1
4645 1
14668 1
13535 1
43616 1
7795 1
39621 1
19204 1
13017 1
16952 1
33696 1
36205 1
13089 1
7011 1
5397 1
967 1
3640 1
24252 1
587 1
4557 1
30249 1
30652 1
22456 1
18260 1
12652 1
4164 1
1369 1
33756 1
14159 1
14793 1
741 1
6445 1
4236 1
24076 1
25218 1
45213 1
7824 1
26434 1
20250 1
15849 1
46940 1
13962 1
13937 1
2424 1
29545 1
8146 1
9705 1
1438 1
11024 1
23570 1
20961 1
48574 1
18732 1
22556 1
18935 1
12628 1
1138 1
8444 1
28438 1
17338 1
35355 1
10161 1
11410 1
5366 1
13592 1
8305 1
4957 1
23993 1
7391 1
7555 1
22335 1
10654 1
3120 1
3043 1
23050 1
12807 1
7059 1
15875 1
28536 1
7847 1
42630 1
7716 1
12589 1
40383 1
2472 1
13078 1
18996 1
3109 1
7112 1
2103 1
12754 1
977 1
5665 1
21095 1
1748 1
15278 1
10801 1
6583 1
9604 1
29281 1
27675 1
31352 1
749 1
2291 1
23822 1
38813 1
2350 1
33157 1
15809 1
1154 1
2702 1
17864 1
12581 1
16963 1
22008 1
15528 1
14420 1
23016 1
21558 1
29126 1
7803 1
1577 1
17596 1
24522 1
20107 1
16426 1
16786 1
22104 1
8540 1
34612 1
1684 1
3135 1
27779 1
4021 1
3054 1
2671 1
41158 1
16369 1
15196 1
2226 1
10023 1
14203 1
31993 1
25750 1
10602 1
46085 1
27904 1
12638 1
18285 1
6029 1
42364 1
29340 1
1501 1
39761 1
4572 1
763 1
22230 1
5786 1
4199 1
19949 1
3027 1
37633 1
30860 1
2632 1
41739 1
13935 1
11790 1
833 1
2142 1
11430 1
9854 1
5351 1
48159 1
25355 1
8339 1
5160 1
22481 1
4276 1
7926 1
5822 1
975 1
27528 1
10332 1
6166 1
19373 1
35863 1
23115 1
13684 1
31804 1
22070 1
5307 1
6167 1
19498 1
11716 1
5912 1
10947 1
2716 1
39451 1
5153 1
17737 1
611 1
42096 1
3688 1
8314 1
32598 1
32428 1
9696 1
34957 1
24756 1
5583 1
5945 1
43171 1
3825 1
15518 1
18030 1
2797 1
31761 1
10108 1
18439 1
6833 1
918 1
10504 1
6910 1
24539 1
32301 1
14543 1
12965 1
23581 1
36719 1
13106 1
6130 1
5489 1
30315 1
20418 1
9184 1
33900 1
20421 1
30298 1
6444 1
11212 1
6455 1
11777 1
23655 1
4961 1
6811 1
4818 1
15350 1
1596 1
963 1
39659 1
5983 1
21397 1
22811 1
39644 1
8509 1
17519 1
4453 1
13192 1
4097 1
15928 1
4121 1
4770 1
33569 1
14744 1
17297 1
40138 1
31210 1
1422 1
9804 1
18870 1
6367 1
30541 1
12479 1
22580 1
23615 1
23888 1
28813 1
24041 1
7767 1
5644 1
7374 1
1552 1
1190 1
721 1
9733 1
8298 1
2605 1
20312 1
4135 1
12205 1
13523 1
3989 1
3121 1
3860 1
44091 1
25717 1
26464 1
26709 1
13308 1
35744 1
14035 1
2926 1
25172 1
1487 1
13362 1
34252 1
37424 1
41560 1
24360 1
3460 1
8765 1
28695 1
21780 1
14971 1
6315 1
16715 1
42152 1
10176 1
3187 1
24874 1
10915 1
41100 1
47399 1
9945 1
12157 1
21938 1
30172 1
43508 1
21025 1
26288 1
42578 1
3698 1
16592 1
3950 1
10010 1
15276 1
8810 1
3462 1
20084 1
14716 1
14497 1
34547 1
2123 1
7188 1
47837 1
2598 1
30728 1
13350 1
41332 1
9649 1
9606 1
15239 1
22316 1
21812 1
22017 1
6976 1
6748 1
29240 1
19262 1
1285 1
36398 1
2545 1
35319 1
726 1
2851 1
14127 1
33459 1
48831 1
1756 1
2427 1
23848 1
4856 1
1979 1
7345 1
26374 1
31139 1
1115 1
47018 1
37326 1
13686 1
35932 1
1930 1
10698 1
12813 1
26980 1
15598 1
36841 1
33360 1
17773 1
25608 1
18799 1
4750 1
6106 1
5463 1
13570 1
1411 1
19282 1
16927 1
27679 1
25155 1
6125 1
11073 1
1075 1
1613 1
3206 1
33618 1
34327 1
32397 1
23526 1
23241 1
20938 1
24544 1
22901 1
4655 1
7382 1
22746 1
5164 1
20750 1
2872 1
19249 1
35509 1
21330 1
9943 1
5251 1
24558 1
13486 1
18949 1
42422 1
9511 1
38089 1
5266 1
13771 1
29972 1
11889 1
19002 1
6648 1
6456 1
10746 1
36045 1
25813 1
8599 1
46792 1
7531 1
7371 1
38646 1
33321 1
22046 1
7320 1
17413 1
45610 1
2842 1
6406 1
21028 1
23217 1
40145 1
1875 1
3402 1
3881 1
5109 1
8020 1
14254 1
42818 1
47760 1
9697 1
28104 1
3473 1
26331 1
8853 1
24762 1
43052 1
743 1
7675 1
13473 1
600 1
17300 1
14989 1
44073 1
2244 1
22627 1
3262 1
3578 1
7849 1
21306 1
7413 1
26811 1
48934 1
19077 1
1252 1
19099 1
5662 1
14919 1
3902 1
3682 1
9268 1
21932 1
13968 1
22830 1
22957 1
4433 1
5249 1
22117 1
17764 1
3345 1
23553 1
13785 1
10817 1
27704 1
13186 1
4301 1
24808 1
13139 1
7654 1
15065 1
4857 1
10007 1
14724 1
18332 1
18171 1
46784 1
22994 1
14182 1
79 1
738 1
16576 1
1040 1
22647 1
11302 1
10567 1
6542 1
42385 1
1289 1
19345 1
8317 1
28744 1
7630 1
16290 1
2640 1
2116 1
8495 1
21702 1
25144 1
29492 1
9689 1
15306 1
10069 1
24042 1
28572 1
23056 1
19741 1
16007 1
6415 1
34794 1
13946 1
