518 18521
269 8797
2533 5495
320 4473
537 3551
620 3417
797 2949
1043 2579
539 2014
8960 1928
633 1789
2127 1690
7266 1661
1972 1631
525 1390
530 1386
267 1306
2633 1258
5135 1226
531 1181
2280 1046
1095 992
7435 972
1007 909
585 796
23219 769
661 705
2349 681
5859 662
7898 661
38950 654
1386 630
3032 586
4448 559
28424 553
786 522
4287 510
29018 489
1520 475
3814 450
7437 449
2308 441
1594 423
1645 421
593 420
705 412
8253 409
6194 399
533 380
22440 379
23802 372
14551 365
14723 357
1180 355
1573 354
14135 345
14831 344
14092 337
26321 335
5168 327
17320 324
19094 324
8302 321
3500 315
1983 308
2442 294
16202 281
9944 270
24646 270
36662 269
11193 269
5911 266
9685 265
13491 262
19787 262
10985 252
5066 243
15435 242
13962 241
1253 240
9718 239
9937 236
1237 236
7352 233
21423 224
836 223
5282 223
34585 217
550 212
1339 207
11567 207
32074 202
1472 191
637 191
7099 186
662 179
2241 176
779 173
6224 173
21001 167
934 167
3575 162
33533 161
631 159
38761 158
528 157
13033 155
3141 154
899 154
8527 153
2870 152
32415 152
1003 149
1654 147
6611 145
13431 145
17158 145
3313 141
6761 139
6916 136
4650 135
28121 134
4801 133
14024 132
1404 130
5579 130
12746 125
1172 124
20719 124
787 123
16918 123
22580 123
1296 121
9057 117
19299 117
2416 117
1010 117
893 115
7476 113
10289 111
33857 110
2635 109
5931 109
17076 107
40827 107
6952 107
5190 104
556 103
18273 103
7323 102
25608 100
9798 100
5346 99
1996 96
874 95
3185 94
962 94
1937 93
695 93
2754 92
13700 91
542 90
1445 89
1136 86
26005 85
32902 85
1005 84
9729 84
2539 84
18157 84
2212 83
12431 81
5020 80
38516 79
3638 79
7810 79
750 78
9709 74
10146 73
5558 72
15255 72
806 71
615 69
8192 69
40809 69
16041 69
1131 68
12623 68
522 67
8551 67
538 67
638 66
6086 65
15302 64
7053 63
48320 62
2975 62
3771 60
35375 60
31503 60
11392 59
1483 59
4485 58
4635 58
988 58
4149 56
21426 56
8635 56
1630 56
330 55
1798 55
1380 55
616 55
3536 54
20910 54
21750 54
1894 54
6648 53
1519 53
1495 53
1252 53
19387 53
1611 52
5155 52
5149 51
41360 51
2124 51
268 50
588 49
682 49
9128 49
1744 48
13651 48
15725 48
38882 48
3365 47
6102 46
601 45
45197 45
1194 45
15287 44
519 44
7847 44
6283 43
4531 43
746 42
515 42
66 42
793 42
3173 42
2052 42
4403 41
14188 41
15953 41
3105 40
19000 39
570 39
7861 39
513 39
754 39
32089 38
15789 38
3935 38
36757 38
7263 37
568 37
1876 37
25410 37
4305 36
45538 36
8157 36
953 36
13078 36
5977 35
5000 35
646 35
924 35
21194 34
3694 34
791 34
1112 34
736 34
1579 33
9728 33
17678 33
1488 32
7796 32
14913 32
6881 32
1827 32
14420 32
4044 31
569 31
48108 31
7803 30
6632 30
11452 29
2721 29
592 29
5560 29
1145 29
902 29
5520 29
589 29
11463 29
43439 28
1700 28
2489 28
13760 28
16663 28
3078 28
6488 28
1945 28
40568 27
48649 27
3772 27
81 27
11187 26
597 26
6880 26
699 26
5722 26
39250 26
14878 26
32019 26
590 26
2463 26
19265 25
21361 25
273 25
6293 25
4501 25
1504 25
4655 25
2909 25
33463 25
3718 25
5328 25
2598 24
536 24
2178 24
895 24
29636 24
16037 24
1939 23
1992 23
44273 23
13739 23
14650 23
22491 23
270 23
5205 23
5574 23
1274 22
911 22
46120 22
17067 22
22373 22
2010 21
1375 21
1551 21
2149 21
4623 21
889 21
40559 21
4038 21
6065 21
1901 21
11354 21
18531 21
11270 21
35893 21
18236 21
34149 21
19826 20
8180 20
20061 20
38975 20
2654 20
19564 20
25285 20
19692 20
7094 20
4073 20
669 20
18233 20
1942 20
3348 20
39708 19
12602 19
4231 19
1417 19
272 19
45365 19
2088 19
8154 19
19750 19
753 19
709 19
26621 18
21621 18
13886 18
19061 18
8315 18
1150 18
12566 18
4646 18
3867 18
1952 17
23243 17
34386 17
45804 17
4049 17
5266 17
39158 17
2761 17
43500 17
2096 17
11033 17
18504 17
28286 16
7014 16
24256 16
4853 16
6523 16
1348 16
739 16
2912 16
952 16
2782 16
11594 16
3912 16
761 16
1078 16
43638 16
5392 16
18064 16
3453 15
1167 15
9690 15
886 15
2502 15
7747 15
3407 15
45886 15
14119 15
10130 15
771 15
10134 15
32417 15
2731 15
15937 15
1437 14
9722 14
692 14
2680 14
4315 14
2568 14
40657 14
12411 14
32696 14
951 14
27338 14
2202 14
23828 14
923 14
13829 14
3640 14
26724 14
16375 13
7677 13
17289 13
263 13
6403 13
827 13
1897 13
783 13
1416 13
28631 13
7578 13
19733 13
2208 13
1446 13
14406 13
2119 13
6277 13
7745 13
48065 13
2103 12
37326 12
36106 12
3797 12
17787 12
12567 12
1538 12
275 12
2006 12
31332 12
788 12
13029 12
769 12
10022 12
878 12
655 12
563 12
34897 12
8667 12
281 12
19234 12
39026 11
6024 11
5763 11
1123 11
5303 11
2522 11
1455 11
611 11
1823 11
4078 11
541 11
1604 11
8049 11
10192 11
3235 11
2105 11
9384 11
32479 11
20687 11
686 11
11788 10
9898 10
10334 10
23571 10
5461 10
28399 10
19668 10
5154 10
2631 10
29923 10
2175 10
16711 10
706 10
7365 10
671 10
5589 10
768 10
26270 10
33083 10
1606 10
8512 10
2026 10
815 10
67 10
1291 10
1962 10
10141 10
33748 10
21684 10
5138 10
22163 10
6207 10
5219 10
10300 10
577 10
8676 9
13778 9
3285 9
2069 9
4476 9
24729 9
17468 9
1367 9
1626 9
764 9
19546 9
49073 9
4709 9
8251 9
1500 9
13676 9
1070 9
8084 9
8675 9
5050 9
653 9
2445 9
4947 9
7676 9
11932 9
751 9
9568 9
2377 9
40524 9
17495 9
6313 9
1238 9
713 9
39205 9
43053 9
15489 9
11412 9
7310 9
2418 9
9543 8
3818 8
34921 8
5583 8
26414 8
5989 8
2807 8
6893 8
6719 8
1661 8
10433 8
6437 8
789 8
2954 8
4579 8
26311 8
4481 8
3934 8
17924 8
1910 8
2632 8
1217 8
274 8
4001 8
3716 8
10549 8
663 8
10070 8
10055 8
1753 8
38067 8
12199 8
14850 7
17057 7
30275 7
6680 7
703 7
35089 7
2193 7
3056 7
12320 7
4726 7
16507 7
328 7
1665 7
31413 7
5771 7
22890 7
7134 7
40532 7
796 7
15223 7
9252 7
767 7
16323 7
5408 7
5264 7
2500 7
1621 7
15313 7
3996 7
12478 7
997 7
1866 7
17187 7
624 7
13375 7
19321 7
2097 7
10589 7
8614 7
1601 7
15957 7
5877 7
264 6
3831 6
6333 6
6780 6
9832 6
3243 6
16128 6
45974 6
13737 6
1365 6
1245 6
257 6
14182 6
1650 6
6902 6
4895 6
3254 6
8525 6
765 6
8690 6
7888 6
2838 6
955 6
15079 6
1448 6
810 6
11006 6
39215 6
2218 6
11485 6
1187 6
1071 6
29156 6
1262 6
720 6
41613 6
1957 6
7688 6
4215 6
1059 6
7893 6
25767 6
32396 6
37522 6
2866 6
3877 6
1764 6
41672 6
23037 6
731 6
29661 6
659 6
14607 6
1885 5
6831 5
10235 5
2499 5
10666 5
6857 5
2430 5
26378 5
21910 5
15588 5
24266 5
7670 5
11242 5
6360 5
1205 5
4093 5
1025 5
7286 5
2437 5
1280 5
13930 5
23725 5
1084 5
961 5
15939 5
567 5
11882 5
26887 5
9875 5
14293 5
6955 5
4406 5
8743 5
2530 5
15610 5
3981 5
22914 5
21409 5
2019 5
27781 5
5537 5
15615 5
8456 5
11538 5
3127 5
871 5
6851 5
9734 5
33179 5
258 5
909 5
4415 5
20938 5
855 5
1096 5
44630 5
1294 5
6970 5
20080 5
5603 5
19428 5
3942 5
1755 5
13686 5
1572 5
9966 5
5174 5
847 5
2621 5
3263 5
928 5
673 5
7039 5
2453 4
3044 4
32688 4
2783 4
344 4
1170 4
781 4
10476 4
5987 4
14630 4
24345 4
7210 4
6446 4
6312 4
1248 4
26972 4
6018 4
1907 4
14462 4
820 4
19820 4
5216 4
2688 4
30672 4
1333 4
10048 4
2623 4
938 4
11658 4
580 4
69 4
1491 4
10044 4
17519 4
3750 4
3852 4
2440 4
2581 4
1636 4
1271 4
18732 4
16081 4
2063 4
818 4
829 4
521 4
8817 4
8161 4
4222 4
282 4
47011 4
13736 4
1285 4
8532 4
2323 4
18835 4
3584 4
42272 4
6480 4
18407 4
564 4
1126 4
2516 4
18962 4
23020 4
16887 4
27579 4
1088 4
1729 4
10905 4
30182 4
4913 4
1155 4
3387 4
12416 4
3005 4
6116 4
15657 4
5284 3
5251 3
3377 3
766 3
2184 3
12560 3
5999 3
6807 3
3018 3
20700 3
6824 3
29818 3
26440 3
7787 3
1847 3
6806 3
5524 3
5976 3
21269 3
22856 3
19795 3
10264 3
41056 3
14872 3
729 3
5059 3
733 3
963 3
7744 3
17450 3
3145 3
9109 3
9462 3
1802 3
5113 3
845 3
2058 3
892 3
286 3
1033 3
3420 3
16412 3
862 3
10809 3
20281 3
24109 3
45576 3
1311 3
7516 3
256 3
3152 3
12268 3
14559 3
32265 3
1411 3
3952 3
26980 3
5591 3
2591 3
811 3
14199 3
6509 3
2528 3
42199 3
612 3
9736 3
4306 3
5821 3
8990 3
2401 3
9874 3
3143 3
12458 3
47463 3
2376 3
37874 3
19467 3
3095 3
19208 3
2077 3
42616 3
31016 3
34748 3
3341 3
9519 3
7508 3
5067 3
8314 3
1518 3
9915 3
3144 3
22832 3
1100 3
16736 3
6779 3
26761 3
31576 3
14062 3
16413 3
14023 3
1805 3
7963 3
42582 3
13200 3
9198 3
23730 3
40413 3
8500 3
5757 3
5107 3
5073 3
12897 3
18592 3
3206 3
3258 3
9466 3
756 3
31524 3
8715 3
7656 3
37919 3
1057 3
27001 3
857 3
15680 3
25233 3
34568 3
2814 2
15817 2
912 2
38789 2
11862 2
3055 2
3052 2
11038 2
10768 2
1811 2
2094 2
1774 2
276 2
1427 2
8205 2
14397 2
11793 2
6289 2
12579 2
12872 2
78 2
3358 2
679 2
7097 2
28144 2
40221 2
26169 2
2254 2
881 2
2410 2
15450 2
4873 2
3687 2
35593 2
24734 2
8636 2
26555 2
16861 2
775 2
1234 2
26646 2
17514 2
46550 2
3467 2
1746 2
3487 2
31357 2
15461 2
9293 2
579 2
39032 2
3854 2
803 2
8183 2
2802 2
1934 2
2079 2
14592 2
2941 2
2322 2
4453 2
42562 2
26313 2
31822 2
39369 2
1241 2
12034 2
10158 2
11980 2
1530 2
10108 2
20893 2
5751 2
5942 2
1656 2
3107 2
9545 2
20490 2
26781 2
2501 2
13406 2
19984 2
717 2
2875 2
13519 2
22086 2
9093 2
16691 2
2428 2
7117 2
1318 2
1507 2
22508 2
2744 2
2474 2
2374 2
11651 2
3458 2
6682 2
32428 2
512 2
47247 2
6195 2
11478 2
5975 2
11667 2
262 2
1963 2
516 2
22007 2
33782 2
3958 2
7594 2
7441 2
36701 2
14765 2
2403 2
7409 2
7395 2
1704 2
848 2
10338 2
26878 2
13314 2
46502 2
13568 2
2142 2
3142 2
46036 2
7860 2
5407 2
18550 2
1888 2
1818 2
1099 2
697 2
1102 2
16688 2
10837 2
1575 2
2760 2
4303 2
15163 2
19171 2
5349 2
572 2
3287 2
16785 2
6722 2
10387 2
45657 2
23267 2
19352 2
20703 2
5778 2
2536 2
3383 2
4055 2
17599 2
1931 2
17263 2
9674 2
271 2
6315 2
11410 2
3384 2
26578 2
19288 2
22827 2
21399 2
1739 2
8188 2
28073 2
10186 2
1476 2
1977 2
7771 2
9398 2
14032 2
5017 2
29634 2
13692 2
1209 2
2249 2
1872 2
1114 2
1389 2
11039 2
8612 2
15310 2
41969 2
600 2
13445 2
21550 2
2834 2
9683 2
16783 2
3392 1
4976 1
19799 1
22980 1
1220 1
37916 1
18094 1
13800 1
45533 1
3225 1
26630 1
4267 1
9934 1
39209 1
13475 1
20939 1
18131 1
3237 1
25881 1
11088 1
689 1
3762 1
3698 1
4424 1
1243 1
6997 1
24874 1
46726 1
982 1
17886 1
3881 1
9513 1
19592 1
21695 1
9889 1
2449 1
2361 1
2862 1
37430 1
7374 1
24144 1
32300 1
10859 1
39836 1
13016 1
583 1
966 1
1479 1
16652 1
6036 1
10530 1
4243 1
1352 1
3788 1
24296 1
1223 1
3635 1
10208 1
535 1
914 1
3637 1
21021 1
21076 1
1722 1
41606 1
2559 1
12651 1
1012 1
604 1
1174 1
5321 1
13362 1
31349 1
7101 1
4552 1
24003 1
83 1
8983 1
14668 1
15712 1
2722 1
13000 1
3822 1
12886 1
15224 1
11795 1
25775 1
852 1
17937 1
9290 1
13388 1
6683 1
19233 1
613 1
1674 1
30268 1
1691 1
1200 1
6878 1
29504 1
925 1
3926 1
34957 1
15587 1
4250 1
23652 1
17379 1
23540 1
17982 1
5642 1
33569 1
20777 1
17793 1
774 1
3490 1
2165 1
4593 1
2138 1
43201 1
5586 1
29144 1
1923 1
40152 1
43480 1
1699 1
2441 1
13579 1
9151 1
4785 1
7981 1
1941 1
33775 1
2896 1
1191 1
7615 1
338 1
24085 1
11196 1
24990 1
6776 1
12333 1
4938 1
2575 1
13486 1
3938 1
9906 1
6072 1
22733 1
43321 1
2966 1
7609 1
15443 1
48581 1
22294 1
2044 1
1646 1
10370 1
1346 1
14494 1
11613 1
24839 1
7252 1
7589 1
9787 1
3033 1
621 1
23023 1
15648 1
10325 1
8547 1
4318 1
15599 1
20448 1
22852 1
16938 1
36891 1
3274 1
43422 1
7525 1
3582 1
2955 1
3272 1
4241 1
11331 1
37804 1
35454 1
15465 1
3856 1
4389 1
36498 1
2998 1
22124 1
2706 1
2485 1
11957 1
9822 1
48977 1
1256 1
4421 1
13682 1
46170 1
10780 1
10361 1
7912 1
1482 1
3810 1
918 1
39509 1
7980 1
7128 1
1563 1
13282 1
3153 1
4279 1
11886 1
2412 1
33894 1
5429 1
15362 1
13826 1
2827 1
26967 1
582 1
8077 1
13188 1
2211 1
333 1
3941 1
26877 1
1378 1
10427 1
4614 1
14961 1
6711 1
22991 1
16767 1
6541 1
1269 1
6347 1
3767 1
44909 1
814 1
45434 1
11549 1
4734 1
12180 1
1571 1
41262 1
12068 1
7036 1
16290 1
34453 1
45589 1
4051 1
2046 1
4987 1
19247 1
1505 1
7601 1
31446 1
5101 1
4391 1
2571 1
23886 1
8955 1
2068 1
11075 1
1270 1
33229 1
26973 1
17269 1
2197 1
10441 1
1284 1
47935 1
29071 1
10206 1
9838 1
2444 1
3862 1
1973 1
2341 1
6370 1
30634 1
16722 1
7610 1
1074 1
8511 1
11589 1
45498 1
1323 1
9786 1
21441 1
20496 1
18627 1
7446 1
5791 1
24342 1
9701 1
34943 1
20163 1
28257 1
11810 1
23911 1
7184 1
14621 1
15699 1
13915 1
1053 1
875 1
4919 1
1543 1
12615 1
18807 1
18674 1
7910 1
7330 1
9682 1
1264 1
819 1
4796 1
4522 1
1592 1
3316 1
36248 1
3117 1
2857 1
15028 1
32368 1
1776 1
8772 1
8688 1
4792 1
3745 1
5169 1
1081 1
13830 1
10508 1
8375 1
323 1
79 1
1757 1
32868 1
10489 1
10016 1
28575 1
3473 1
10253 1
34088 1
1331 1
3728 1
20516 1
9784 1
29994 1
5894 1
47837 1
41609 1
1111 1
8450 1
17735 1
32992 1
28234 1
16768 1
30383 1
23184 1
21161 1
1137 1
5531 1
840 1
1986 1
17106 1
2038 1
11386 1
9894 1
31296 1
9542 1
4740 1
727 1
4204 1
14051 1
12108 1
43854 1
561 1
1523 1
7191 1
3006 1
2495 1
1042 1
31498 1
3380 1
19030 1
13534 1
16078 1
1771 1
4191 1
22114 1
576 1
16401 1
19101 1
5983 1
8405 1
13577 1
8685 1
11818 1
2112 1
1960 1
19453 1
71 1
8837 1
6792 1
8617 1
15305 1
2544 1
28313 1
19294 1
5608 1
11430 1
2426 1
280 1
279 1
17146 1
6721 1
15900 1
34086 1
36398 1
29270 1
7529 1
9641 1
3878 1
18075 1
3609 1
30515 1
22434 1
1559 1
11009 1
13293 1
5747 1
4060 1
1148 1
1265 1
18101 1
2244 1
619 1
13574 1
553 1
11830 1
15039 1
10579 1
42524 1
1590 1
4042 1
2110 1
16865 1
23203 1
277 1
8000 1
343 1
14767 1
10600 1
3999 1
15056 1
1954 1
10458 1
339 1
4549 1
2301 1
2432 1
42897 1
822 1
10068 1
1426 1
2031 1
12572 1
6091 1
13024 1
36681 1
2183 1
3685 1
526 1
4076 1
19555 1
12937 1
1816 1
12570 1
6604 1
2755 1
1628 1
16936 1
20123 1
1082 1
4909 1
4005 1
10904 1
9510 1
14316 1
546 1
6926 1
27278 1
46045 1
1351 1
4750 1
30610 1
23768 1
2842 1
849 1
10332 1
861 1
28572 1
13084 1
31733 1
670 1
48911 1
17408 1
44462 1
4108 1
4496 1
2933 1
14305 1
691 1
7356 1
628 1
648 1
3643 1
13001 1
36695 1
12726 1
14336 1
2089 1
21108 1
3162 1
321 1
3326 1
11021 1
7056 1
18291 1
31828 1
4297 1
3418 1
11842 1
5889 1
8541 1
9413 1
29834 1
640 1
