269 16139
2533 16074
320 12667
518 8387
525 3038
533 2336
530 1765
2489 1663
539 1357
889 1251
4801 1202
911 1200
2633 1141
7898 1089
531 941
633 936
620 825
4371 820
1395 787
3313 773
1007 702
1095 700
5050 700
1136 694
1116 630
4079 584
11354 579
3365 578
2175 577
1559 568
836 553
8687 549
4269 548
2063 542
9937 534
10464 523
536 522
4879 498
1937 484
585 478
12726 461
1983 459
3185 448
4919 446
5586 446
705 436
10955 435
1951 429
5154 426
7080 424
1530 423
4125 410
12182 401
42095 400
3152 393
1488 392
1573 389
1172 384
14723 373
6348 366
46575 363
593 356
5778 346
569 345
14221 343
2516 339
8192 339
1380 337
1674 320
3105 318
2722 316
36662 310
12878 308
9200 307
1417 302
4635 284
8301 284
15953 276
13188 259
2006 253
2453 248
637 240
7101 237
6283 227
1572 221
3979 221
2660 212
4947 196
21423 193
28008 192
6732 187
1180 185
3384 184
5616 178
9734 178
2761 176
3934 173
15723 168
2113 166
26005 165
2087 164
1520 164
7220 161
12724 156
4485 156
8608 154
2105 153
23191 152
1606 152
11412 148
638 146
3141 140
8470 137
893 136
1312 136
601 136
14551 133
13029 132
32409 131
4037 116
5392 116
6550 113
8411 111
2403 108
9577 108
2862 107
1629 99
1012 99
4976 98
6293 97
3500 96
16098 94
631 92
2337 92
25608 92
2184 89
739 84
787 83
14322 81
26845 80
3941 78
6503 77
555 76
5115 76
682 75
2225 74
17423 74
5303 73
38950 73
962 72
17017 71
29736 70
7188 69
8474 69
5135 69
8184 68
923 65
6559 64
9694 64
16523 62
797 61
1630 61
2578 61
1934 61
7286 60
1699 59
550 58
2912 58
2041 57
524 56
4487 56
2815 56
14797 56
1010 56
1131 55
2374 55
4038 55
8180 55
589 54
2595 51
786 50
6446 47
4552 47
3073 46
4531 45
18420 44
7352 44
2127 44
1798 44
556 43
10039 42
25473 41
41613 41
15020 40
4228 40
8658 39
1253 39
9521 38
6164 37
6332 36
12495 35
7810 35
2569 35
4169 34
779 34
7175 34
2241 33
2463 33
8855 32
24085 31
3771 31
2019 31
12333 31
2208 31
14792 30
24425 30
2782 29
997 29
8504 28
13314 28
1446 27
2161 27
2442 26
2171 26
2635 26
13533 26
11882 26
1239 26
1445 26
17076 25
1500 25
1199 24
5893 24
6028 24
2100 24
1992 24
1237 24
4447 24
48165 23
3205 23
15287 23
267 23
2252 23
13491 22
2461 22
5253 22
6597 22
3814 21
1322 21
23858 21
1137 20
5205 20
2760 20
2140 20
4646 20
861 20
11639 19
652 19
827 19
1063 19
568 19
951 19
1495 19
17331 19
19546 18
3750 18
8636 18
1939 18
2091 18
1583 18
270 17
5134 17
1212 17
3258 17
32074 17
5977 17
5533 17
1455 17
3646 17
1375 17
1453 16
782 16
7787 16
6207 16
13930 16
1661 16
706 16
899 16
822 16
2802 16
2212 15
2500 15
750 15
24256 15
9367 15
8726 15
1739 15
6916 15
953 14
5168 14
1047 14
33083 14
6102 14
2308 13
5579 13
874 13
1126 13
2754 13
11455 13
31327 13
268 13
26499 13
8551 13
9822 13
47113 12
11071 12
1269 12
321 12
9920 12
3142 12
7615 12
13676 12
4305 12
1996 12
7342 11
753 11
7437 11
8508 11
4913 11
1448 11
3254 11
6136 11
5435 11
16096 11
5216 11
8204 11
1611 11
26346 10
26578 10
7425 10
9875 10
8532 10
1960 10
3309 10
3055 10
3237 10
1043 10
22373 10
1234 10
615 9
3279 9
258 9
272 9
273 9
35412 9
8350 9
1841 9
17269 9
3123 9
11076 9
6470 9
23953 9
37256 9
16365 8
2729 8
2604 8
768 8
788 8
29018 8
1601 8
2523 8
41277 8
1365 8
655 8
17581 8
2731 8
3885 8
6116 8
11463 8
26630 8
8476 8
541 7
2322 7
8667 7
3487 7
3942 7
13760 7
1145 7
2593 7
2807 7
12034 7
4073 7
11257 7
1631 7
14913 7
5282 7
1170 7
736 7
2495 7
39029 7
2551 7
5560 7
3638 7
982 6
1691 6
1483 6
4804 6
46726 6
13519 6
2416 6
15464 6
25233 6
14850 6
4315 6
27692 6
13826 6
720 6
9722 6
2280 6
597 6
1897 6
18694 6
3377 6
8320 6
6417 6
6970 6
8639 6
5931 6
4348 6
9568 6
4850 6
65 6
3958 6
4530 6
761 6
15368 6
24042 6
12579 6
35089 5
1123 5
767 5
32449 5
5791 5
3870 5
26621 5
3791 5
27229 5
1209 5
1026 5
14462 5
1265 5
5408 5
1078 5
7777 5
6880 5
3490 5
17678 5
4922 5
11012 5
8743 5
9798 5
31383 5
6857 5
8349 5
1700 5
2544 5
9654 5
1955 5
3274 5
6906 5
18504 5
10158 5
23219 5
1155 5
8119 5
3290 5
1954 5
28313 5
5603 5
1070 5
20700 5
2149 4
4738 4
8771 4
6333 4
4448 4
2941 4
1615 4
14559 4
3819 4
1194 4
13869 4
22777 4
1888 4
781 4
2846 4
8527 4
7893 4
14092 4
1080 4
1922 4
2772 4
33894 4
1476 4
17223 4
2010 4
6481 4
261 4
862 4
7912 4
16225 4
1160 4
9593 4
8447 4
8049 4
1082 4
902 4
1957 4
19411 4
26200 4
2445 4
34975 4
10338 4
1274 4
3772 4
4287 4
1594 4
3360 4
5298 4
6486 4
1823 4
1519 4
4191 4
2571 4
5478 4
4793 4
20281 4
14894 4
10837 4
2501 4
11932 4
47473 4
1005 4
14621 4
11009 4
3451 3
1256 3
5346 3
15619 3
2654 3
7210 3
9393 3
11884 3
515 3
9687 3
7435 3
3789 3
2954 3
1579 3
791 3
10563 3
6541 3
895 3
9963 3
8456 3
13444 3
3801 3
5067 3
13084 3
11485 3
1952 3
1626 3
32172 3
1088 3
5190 3
5999 3
10108 3
1710 3
7356 3
9545 3
646 3
2975 3
7395 3
871 3
4279 3
1093 3
946 3
3666 3
16041 3
20857 3
1339 3
21269 3
2737 3
40524 3
806 3
2530 3
1416 3
19439 3
5815 3
14035 3
1546 3
891 3
896 3
3344 3
40816 3
26440 3
8402 3
686 3
4474 3
5362 3
7099 3
1907 3
2026 3
789 3
11035 3
7117 3
1167 3
37231 3
2454 3
22442 3
11088 3
9308 2
3788 2
2834 2
18911 2
4094 2
1946 2
32479 2
17982 2
14024 2
34958 2
2504 2
2979 2
5461 2
11243 2
16298 2
19845 2
2783 2
10498 2
25399 2
7319 2
537 2
1100 2
599 2
582 2
818 2
2088 2
46328 2
343 2
17662 2
334 2
1802 2
1205 2
514 2
709 2
10679 2
2219 2
3537 2
9709 2
15450 2
1217 2
12580 2
527 2
6018 2
14592 2
16375 2
6377 2
2478 2
328 2
6982 2
900 2
2538 2
3852 2
2440 2
5101 2
1404 2
769 2
9754 2
4076 2
19555 2
2195 2
639 2
26002 2
26887 2
24329 2
4852 2
23828 2
2349 2
16750 2
9776 2
2494 2
11358 2
6355 2
5066 2
3688 2
6360 2
16746 2
39577 2
15871 2
13770 2
3938 2
783 2
25719 2
3511 2
7737 2
18738 2
5138 2
20102 2
1094 2
11452 2
7796 2
30223 2
3694 2
16850 2
1262 2
1746 2
13078 2
17316 2
12033 2
6807 2
7594 2
3044 2
6756 2
26980 2
5437 2
3795 2
7293 2
676 2
38930 2
7802 2
41812 2
30268 2
1986 2
5356 2
31206 2
7072 2
2539 2
5251 2
1620 2
27882 2
529 2
3820 2
13445 2
29108 2
22029 2
2147 2
12374 2
16015 2
14336 2
1025 2
2016 2
8652 2
1125 2
7298 2
2967 2
4453 2
5107 2
3727 2
17787 2
3113 2
5775 2
38975 2
4924 2
4815 2
33569 2
10050 2
10722 2
9151 2
4403 2
580 2
2112 2
338 2
2541 2
8450 2
9057 2
4554 2
878 2
4078 2
3840 2
3833 2
4657 2
13700 2
4836 2
8512 2
16413 2
7245 2
8774 2
8922 2
5988 2
644 2
14397 2
4121 1
15433 1
13433 1
8283 1
16081 1
17468 1
23472 1
7077 1
6944 1
34362 1
9048 1
1041 1
39095 1
40556 1
1148 1
9729 1
46894 1
5174 1
9384 1
36499 1
7053 1
1828 1
2922 1
31016 1
14062 1
6480 1
10064 1
13332 1
5421 1
22869 1
3944 1
23473 1
1400 1
1449 1
3387 1
1665 1
2490 1
5208 1
3564 1
27751 1
22813 1
21306 1
9374 1
17054 1
25595 1
6226 1
773 1
26761 1
12663 1
25394 1
10725 1
2069 1
34990 1
8446 1
1066 1
1551 1
815 1
326 1
10044 1
4040 1
9829 1
15079 1
15444 1
5359 1
930 1
20812 1
9696 1
2301 1
15185 1
5731 1
21086 1
4481 1
1799 1
1764 1
35785 1
3894 1
1414 1
7612 1
3297 1
691 1
7808 1
7888 1
274 1
26883 1
7509 1
961 1
7483 1
3049 1
24190 1
4579 1
45559 1
11795 1
19564 1
48748 1
5621 1
12560 1
37026 1
35563 1
33817 1
11290 1
28174 1
71 1
7071 1
6824 1
48024 1
14328 1
28869 1
23203 1
15844 1
41132 1
35204 1
12746 1
49113 1
12349 1
1207 1
8373 1
751 1
15712 1
1225 1
2913 1
17998 1
13282 1
11254 1
37623 1
20032 1
4962 1
8730 1
10359 1
4975 1
2852 1
1929 1
8302 1
17272 1
8960 1
47758 1
9775 1
1348 1
595 1
3408 1
1164 1
17523 1
24235 1
3161 1
18369 1
12551 1
3272 1
2931 1
23948 1
2401 1
29601 1
19171 1
7700 1
7240 1
6973 1
16480 1
7317 1
3079 1
19226 1
2000 1
45322 1
2838 1
1331 1
820 1
2089 1
18074 1
2895 1
577 1
3780 1
1834 1
1386 1
522 1
6086 1
8253 1
39248 1
45804 1
48500 1
8052 1
1245 1
9466 1
576 1
3396 1
2828 1
30616 1
31576 1
808 1
23598 1
6997 1
18985 1
28959 1
10749 1
41985 1
1993 1
6922 1
26760 1
18471 1
3117 1
2285 1
1120 1
8626 1
1910 1
30994 1
3964 1
33897 1
9721 1
11977 1
6364 1
3348 1
24001 1
7253 1
6499 1
952 1
16945 1
1119 1
1636 1
12744 1
6081 1
5799 1
8392 1
3033 1
2315 1
28073 1
19101 1
10666 1
6682 1
17446 1
12135 1
10946 1
19667 1
1758 1
3353 1
12567 1
8719 1
72 1
2079 1
29634 1
5690 1
1977 1
38173 1
43697 1
4505 1
1200 1
36298 1
1916 1
21965 1
18291 1
2568 1
25881 1
8282 1
21076 1
3389 1
7441 1
21194 1
11006 1
3918 1
1811 1
323 1
30607 1
17455 1
4501 1
10518 1
2097 1
13135 1
2709 1
2887 1
7464 1
9307 1
1033 1
4108 1
43524 1
14832 1
23409 1
1302 1
8603 1
11021 1
966 1
24344 1
7391 1
13737 1
4614 1
4939 1
21639 1
16436 1
7144 1
2536 1
23115 1
9129 1
40568 1
15959 1
4142 1
1346 1
12494 1
559 1
3299 1
8285 1
3510 1
3965 1
16358 1
8691 1
22938 1
24411 1
3981 1
7409 1
17187 1
2680 1
596 1
7996 1
1646 1
24009 1
11943 1
4042 1
22513 1
27058 1
719 1
1003 1
15273 1
22115 1
2528 1
27619 1
2305 1
553 1
843 1
3551 1
5264 1
2202 1
885 1
9690 1
24266 1
1366 1
6619 1
1639 1
4588 1
14983 1
4526 1
14395 1
8163 1
1020 1
14263 1
2622 1
26273 1
34047 1
3005 1
12875 1
12897 1
2189 1
7014 1
8853 1
4712 1
24345 1
5252 1
22517 1
24240 1
4741 1
25022 1
1972 1
1092 1
10212 1
1979 1
18195 1
1248 1
5803 1
27358 1
829 1
11883 1
7523 1
44273 1
14949 1
10289 1
1876 1
22856 1
9037 1
25627 1
1749 1
713 1
9379 1
2118 1
13375 1
1590 1
5020 1
640 1
68 1
19801 1
31879 1
8593 1
22696 1
15142 1
4802 1
3926 1
30657 1
18600 1
18094 1
4297 1
27781 1
28144 1
12197 1
12993 1
10600 1
28961 1
5751 1
10129 1
9865 1
39158 1
1942 1
3078 1
6166 1
2119 1
43987 1
3716 1
8291 1
11672 1
6358 1
9990 1
6368 1
28481 1
19115 1
8208 1
4668 1
29098 1
30410 1
14115 1
1850 1
629 1
32727 1
5319 1
2866 1
24355 1
520 1
744 1
1704 1
28575 1
30288 1
2048 1
17317 1
24423 1
5706 1
15136 1
70 1
840 1
15987 1
8685 1
16666 1
9786 1
1625 1
2237 1
21468 1
32189 1
8082 1
31250 1
8351 1
34943 1
13362 1
33059 1
16240 1
7094 1
1538 1
17864 1
44714 1
11967 1
18111 1
1726 1
4932 1
3383 1
561 1
8483 1
3056 1
4289 1
3954 1
37275 1
20321 1
1753 1
6989 1
3341 1
28777 1
40339 1
75 1
45652 1
692 1
33836 1
3432 1
2268 1
263 1
16000 1
3584 1
18999 1
38516 1
2342 1
78 1
20209 1
7822 1
48649 1
3326 1
18236 1
703 1
3421 1
10735 1
3214 1
38491 1
1894 1
5155 1
4047 1
665 1
10910 1
7601 1
3773 1
2437 1
4031 1
23964 1
18840 1
27001 1
857 1
1105 1
5335 1
866 1
47761 1
879 1
22192 1
5003 1
7543 1
13017 1
2430 1
23601 1
4709 1
793 1
19338 1
2368 1
10809 1
82 1
1257 1
40644 1
21712 1
21191 1
8676 1
6684 1
42277 1
1389 1
15789 1
34605 1
46661 1
2479 1
3636 1
2817 1
9207 1
13707 1
1439 1
794 1
1873 1
18759 1
516 1
617 1
1454 1
16058 1
1622 1
519 1
23261 1
44295 1
6548 1
2068 1
5994 1
4864 1
3153 1
1794 1
16558 1
6194 1
4650 1
